Datetime,Subject,Repetition,Nose_X,Nose_Y,Neck_X,Neck_Y,Right_Shoulder_X,Right_Shoulder_Y,Right_Elbow_X,Right_Elbow_Y,Right_Wrist_X,Right_Wrist_Y,Left_Shoulder_X,Left_Shoulder_Y,Left_Elbow_X,Left_Elbow_Y,Left_Wrist_X,Left_Wrist_Y,Right_Hip_X,Right_Hip_Y,Right_Knee_X,Right_Knee_Y,Right_Ankle_X,Right_Ankle_Y,Left_Hip_X,Left_Hip_Y,Left_Knee_X,Left_Knee_Y,Left_Ankle_X,Left_Ankle_Y,ACC_x,ACC_y,ACC_z
2021-10-15 18:40:19.980,S1,R2,621.7142944335938,188.4375,616.0879516601562,227.8125,582.3297119140625,227.8125,559.82421875,272.8125,542.945068359375,295.3125,649.84619140625,227.8125,672.3516845703125,267.1875,694.857177734375,300.9375,599.2088012695312,323.4375,593.5824584960938,390.9375,593.5824584960938,458.4375,638.5934448242188,329.0625,644.2197875976562,396.5625,644.2197875976562,458.4375,0.0,4.0,57.0
2021-10-15 18:40:20.010,S1,R2,621.7142944335938,188.4375,616.0879516601562,227.8125,582.3297119140625,227.8125,565.4505615234375,272.8125,548.5714721679688,295.3125,649.84619140625,227.8125,661.0989379882812,272.8125,677.97802734375,312.1875,599.2088012695312,323.4375,593.5824584960938,390.9375,593.5824584960938,458.4375,638.5934448242188,323.4375,644.2197875976562,390.9375,644.2197875976562,458.4375,-1.0,8.0,59.0
2021-10-15 18:40:20.040,S1,R2,621.7142944335938,188.4375,616.0879516601562,227.8125,587.9560546875,227.8125,565.4505615234375,272.8125,554.1978149414062,300.9375,649.84619140625,233.4375,655.4725341796875,278.4375,677.97802734375,317.8125,599.2088012695312,329.0625,593.5824584960938,396.5625,593.5824584960938,464.0625,638.5934448242188,329.0625,644.2197875976562,396.5625,649.84619140625,464.0625,3.0,6.0,62.0
2021-10-15 18:40:20.070,S1,R2,621.7142944335938,188.4375,616.0879516601562,227.8125,582.3297119140625,233.4375,565.4505615234375,278.4375,554.1978149414062,312.1875,649.84619140625,233.4375,655.4725341796875,278.4375,672.3516845703125,323.4375,599.2088012695312,329.0625,593.5824584960938,396.5625,593.5824584960938,464.0625,638.5934448242188,329.0625,644.2197875976562,396.5625,644.2197875976562,464.0625,0.0,1.0,64.0
2021-10-15 18:40:20.100,S1,R2,621.7142944335938,188.4375,616.0879516601562,227.8125,582.3297119140625,233.4375,565.4505615234375,278.4375,548.5714721679688,312.1875,649.84619140625,227.8125,661.0989379882812,272.8125,677.97802734375,317.8125,599.2088012695312,329.0625,593.5824584960938,396.5625,593.5824584960938,464.0625,638.5934448242188,329.0625,644.2197875976562,396.5625,649.84619140625,464.0625,-3.0,0.0,63.0
2021-10-15 18:40:20.130,S1,R2,621.7142944335938,188.4375,616.0879516601562,227.8125,582.3297119140625,233.4375,559.82421875,272.8125,537.3186645507812,300.9375,649.84619140625,233.4375,672.3516845703125,272.8125,689.2307739257812,306.5625,599.2088012695312,329.0625,593.5824584960938,396.5625,593.5824584960938,464.0625,638.5934448242188,329.0625,644.2197875976562,402.1875,649.84619140625,464.0625,-7.0,-1.0,64.0
2021-10-15 18:40:20.160,S1,R2,621.7142944335938,188.4375,616.0879516601562,227.8125,587.9560546875,233.4375,554.1978149414062,267.1875,542.945068359375,284.0625,649.84619140625,233.4375,677.97802734375,272.8125,706.1099243164062,300.9375,599.2088012695312,329.0625,593.5824584960938,396.5625,593.5824584960938,464.0625,638.5934448242188,329.0625,644.2197875976562,402.1875,649.84619140625,464.0625,-10.0,1.0,57.0
2021-10-15 18:40:20.190,S1,R2,621.7142944335938,188.4375,616.0879516601562,227.8125,587.9560546875,233.4375,548.5714721679688,255.9375,548.5714721679688,272.8125,649.84619140625,233.4375,683.6044311523438,272.8125,722.989013671875,295.3125,599.2088012695312,329.0625,593.5824584960938,396.5625,593.5824584960938,464.0625,638.5934448242188,329.0625,644.2197875976562,402.1875,649.84619140625,464.0625,-9.0,3.0,54.0
2021-10-15 18:40:20.220,S1,R2,621.7142944335938,194.0625,616.0879516601562,227.8125,582.3297119140625,233.4375,548.5714721679688,244.6875,531.6923217773438,244.6875,644.2197875976562,233.4375,689.2307739257812,255.9375,728.6154174804688,278.4375,599.2088012695312,329.0625,593.5824584960938,396.5625,593.5824584960938,464.0625,638.5934448242188,329.0625,644.2197875976562,402.1875,649.84619140625,464.0625,0.0,5.0,55.0
2021-10-15 18:40:20.250,S1,R2,621.7142944335938,188.4375,616.0879516601562,227.8125,582.3297119140625,233.4375,548.5714721679688,233.4375,571.0769653320312,216.5625,649.84619140625,233.4375,689.2307739257812,244.6875,734.2417602539062,255.9375,599.2088012695312,329.0625,593.5824584960938,396.5625,593.5824584960938,464.0625,638.5934448242188,329.0625,644.2197875976562,402.1875,649.84619140625,464.0625,6.0,6.0,58.0
2021-10-15 18:40:20.280,S1,R2,621.7142944335938,188.4375,616.0879516601562,227.8125,582.3297119140625,227.8125,537.3186645507812,216.5625,486.68133544921875,205.3125,649.84619140625,227.8125,694.857177734375,233.4375,734.2417602539062,227.8125,599.2088012695312,329.0625,593.5824584960938,396.5625,593.5824584960938,464.0625,638.5934448242188,329.0625,644.2197875976562,396.5625,644.2197875976562,458.4375,9.0,3.0,59.0
2021-10-15 18:40:20.310,S1,R2,621.7142944335938,188.4375,616.0879516601562,227.8125,582.3297119140625,222.1875,537.3186645507812,205.3125,497.93408203125,182.8125,649.84619140625,227.8125,694.857177734375,222.1875,728.6154174804688,216.5625,599.2088012695312,329.0625,593.5824584960938,396.5625,593.5824584960938,464.0625,638.5934448242188,329.0625,644.2197875976562,402.1875,649.84619140625,464.0625,9.0,0.0,61.0
2021-10-15 18:40:20.340,S1,R2,621.7142944335938,188.4375,616.0879516601562,227.8125,582.3297119140625,222.1875,537.3186645507812,188.4375,503.5604553222656,160.3125,649.84619140625,222.1875,694.857177734375,205.3125,734.2417602539062,199.6875,599.2088012695312,329.0625,593.5824584960938,396.5625,593.5824584960938,464.0625,644.2197875976562,329.0625,644.2197875976562,402.1875,649.84619140625,464.0625,13.0,0.0,63.0
2021-10-15 18:40:20.370,S1,R2,621.7142944335938,188.4375,616.0879516601562,227.8125,587.9560546875,222.1875,548.5714721679688,182.8125,520.4395751953125,137.8125,655.4725341796875,216.5625,694.857177734375,194.0625,722.989013671875,165.9375,599.2088012695312,329.0625,599.2088012695312,396.5625,593.5824584960938,464.0625,644.2197875976562,329.0625,644.2197875976562,402.1875,649.84619140625,464.0625,11.0,-3.0,63.0
2021-10-15 18:40:20.400,S1,R2,621.7142944335938,188.4375,616.0879516601562,227.8125,587.9560546875,222.1875,559.82421875,177.1875,542.945068359375,126.5625,649.84619140625,216.5625,689.2307739257812,177.1875,711.7362670898438,143.4375,599.2088012695312,329.0625,599.2088012695312,396.5625,593.5824584960938,464.0625,638.5934448242188,329.0625,644.2197875976562,402.1875,649.84619140625,464.0625,7.0,-4.0,60.0
2021-10-15 18:40:20.430,S1,R2,621.7142944335938,182.8125,616.0879516601562,227.8125,587.9560546875,222.1875,559.82421875,160.3125,559.82421875,115.3125,649.84619140625,222.1875,677.97802734375,182.8125,694.857177734375,137.8125,599.2088012695312,323.4375,599.2088012695312,396.5625,593.5824584960938,464.0625,644.2197875976562,329.0625,644.2197875976562,396.5625,649.84619140625,464.0625,5.0,-8.0,61.0
2021-10-15 18:40:20.460,S1,R2,627.3406982421875,182.8125,616.0879516601562,227.8125,587.9560546875,222.1875,571.0769653320312,165.9375,576.7033081054688,120.9375,649.84619140625,222.1875,672.3516845703125,177.1875,683.6044311523438,120.9375,599.2088012695312,323.4375,599.2088012695312,396.5625,593.5824584960938,464.0625,644.2197875976562,323.4375,644.2197875976562,396.5625,649.84619140625,464.0625,6.0,-14.0,63.0
2021-10-15 18:40:20.490,S1,R2,627.3406982421875,182.8125,621.7142944335938,216.5625,587.9560546875,216.5625,571.0769653320312,160.3125,587.9560546875,126.5625,649.84619140625,216.5625,672.3516845703125,171.5625,666.7252807617188,120.9375,599.2088012695312,323.4375,599.2088012695312,396.5625,593.5824584960938,464.0625,638.5934448242188,323.4375,644.2197875976562,396.5625,649.84619140625,464.0625,2.0,-14.0,60.0
2021-10-15 18:40:20.520,S1,R2,627.3406982421875,188.4375,621.7142944335938,210.9375,587.9560546875,216.5625,571.0769653320312,160.3125,593.5824584960938,120.9375,649.84619140625,216.5625,666.7252807617188,177.1875,661.0989379882812,120.9375,599.2088012695312,323.4375,599.2088012695312,396.5625,593.5824584960938,464.0625,638.5934448242188,323.4375,644.2197875976562,396.5625,649.84619140625,464.0625,3.5,-14.5,60.5
2021-10-15 18:40:20.550,S1,R2,627.3406982421875,182.8125,621.7142944335938,210.9375,587.9560546875,210.9375,571.0769653320312,160.3125,593.5824584960938,126.5625,649.84619140625,210.9375,666.7252807617188,177.1875,661.0989379882812,120.9375,599.2088012695312,323.4375,599.2088012695312,396.5625,593.5824584960938,464.0625,644.2197875976562,323.4375,644.2197875976562,396.5625,649.84619140625,464.0625,5.0,-15.0,61.0
2021-10-15 18:40:20.580,S1,R2,627.3406982421875,182.8125,627.3406982421875,210.9375,587.9560546875,210.9375,571.0769653320312,160.3125,587.9560546875,126.5625,655.4725341796875,210.9375,672.3516845703125,177.1875,666.7252807617188,120.9375,599.2088012695312,323.4375,599.2088012695312,396.5625,593.5824584960938,464.0625,644.2197875976562,323.4375,644.2197875976562,402.1875,649.84619140625,464.0625,11.0,-17.0,63.0
2021-10-15 18:40:20.610,S1,R2,627.3406982421875,177.1875,627.3406982421875,216.5625,587.9560546875,216.5625,565.4505615234375,171.5625,576.7033081054688,126.5625,649.84619140625,210.9375,672.3516845703125,177.1875,672.3516845703125,126.5625,599.2088012695312,323.4375,599.2088012695312,396.5625,593.5824584960938,464.0625,644.2197875976562,323.4375,649.84619140625,402.1875,649.84619140625,464.0625,9.0,-17.0,62.0
2021-10-15 18:40:20.640,S1,R2,627.3406982421875,182.8125,621.7142944335938,227.8125,587.9560546875,222.1875,554.1978149414062,182.8125,559.82421875,132.1875,649.84619140625,216.5625,677.97802734375,182.8125,689.2307739257812,137.8125,599.2088012695312,323.4375,599.2088012695312,396.5625,593.5824584960938,464.0625,644.2197875976562,329.0625,649.84619140625,402.1875,649.84619140625,464.0625,9.0,-20.0,61.0
2021-10-15 18:40:20.670,S1,R2,627.3406982421875,188.4375,621.7142944335938,227.8125,587.9560546875,222.1875,548.5714721679688,182.8125,542.945068359375,143.4375,649.84619140625,216.5625,689.2307739257812,182.8125,711.7362670898438,143.4375,599.2088012695312,323.4375,599.2088012695312,396.5625,593.5824584960938,464.0625,644.2197875976562,323.4375,649.84619140625,396.5625,649.84619140625,464.0625,10.0,-23.0,59.0
2021-10-15 18:40:20.700,S1,R2,627.3406982421875,188.4375,621.7142944335938,227.8125,587.9560546875,222.1875,548.5714721679688,194.0625,526.06591796875,154.6875,649.84619140625,216.5625,694.857177734375,199.6875,722.989013671875,171.5625,599.2088012695312,323.4375,599.2088012695312,396.5625,599.2088012695312,464.0625,644.2197875976562,323.4375,649.84619140625,396.5625,649.84619140625,464.0625,11.0,-23.0,58.0
2021-10-15 18:40:20.730,S1,R2,621.7142944335938,188.4375,621.7142944335938,227.8125,587.9560546875,222.1875,542.945068359375,210.9375,509.18682861328125,177.1875,649.84619140625,222.1875,689.2307739257812,216.5625,717.3626708984375,199.6875,604.835205078125,329.0625,599.2088012695312,396.5625,599.2088012695312,464.0625,644.2197875976562,329.0625,649.84619140625,396.5625,649.84619140625,464.0625,16.0,-25.0,62.0
2021-10-15 18:40:20.760,S1,R2,621.7142944335938,194.0625,621.7142944335938,222.1875,587.9560546875,227.8125,548.5714721679688,222.1875,503.5604553222656,210.9375,649.84619140625,227.8125,694.857177734375,227.8125,734.2417602539062,216.5625,604.835205078125,329.0625,599.2088012695312,396.5625,599.2088012695312,464.0625,644.2197875976562,329.0625,649.84619140625,396.5625,649.84619140625,464.0625,13.0,-28.0,59.0
2021-10-15 18:40:20.790,S1,R2,621.7142944335938,188.4375,621.7142944335938,227.8125,587.9560546875,227.8125,542.945068359375,233.4375,514.8131713867188,244.6875,649.84619140625,227.8125,694.857177734375,244.6875,734.2417602539062,250.3125,604.835205078125,329.0625,599.2088012695312,396.5625,599.2088012695312,464.0625,644.2197875976562,329.0625,644.2197875976562,402.1875,649.84619140625,464.0625,12.0,-31.0,59.0
2021-10-15 18:40:20.820,S1,R2,621.7142944335938,194.0625,621.7142944335938,227.8125,587.9560546875,233.4375,554.1978149414062,239.0625,559.82421875,227.8125,649.84619140625,233.4375,694.857177734375,261.5625,734.2417602539062,267.1875,599.2088012695312,323.4375,599.2088012695312,396.5625,599.2088012695312,464.0625,644.2197875976562,323.4375,644.2197875976562,396.5625,649.84619140625,464.0625,15.0,-34.0,59.0
2021-10-15 18:40:20.850,S1,R2,621.7142944335938,194.0625,621.7142944335938,227.8125,587.9560546875,233.4375,559.82421875,267.1875,565.4505615234375,278.4375,649.84619140625,227.8125,689.2307739257812,272.8125,722.989013671875,289.6875,604.835205078125,323.4375,599.2088012695312,396.5625,599.2088012695312,464.0625,644.2197875976562,323.4375,649.84619140625,396.5625,649.84619140625,464.0625,15.0,-32.0,57.0
2021-10-15 18:40:20.880,S1,R2,621.7142944335938,188.4375,621.7142944335938,227.8125,587.9560546875,233.4375,559.82421875,278.4375,542.945068359375,295.3125,649.84619140625,227.8125,677.97802734375,272.8125,706.1099243164062,300.9375,604.835205078125,323.4375,599.2088012695312,396.5625,599.2088012695312,464.0625,644.2197875976562,329.0625,644.2197875976562,402.1875,649.84619140625,464.0625,14.0,-32.0,53.0
2021-10-15 18:40:20.910,S1,R2,621.7142944335938,188.4375,621.7142944335938,227.8125,587.9560546875,233.4375,565.4505615234375,278.4375,554.1978149414062,306.5625,649.84619140625,227.8125,672.3516845703125,272.8125,689.2307739257812,306.5625,604.835205078125,329.0625,599.2088012695312,396.5625,599.2088012695312,464.0625,644.2197875976562,329.0625,649.84619140625,396.5625,649.84619140625,464.0625,14.0,-31.0,51.0
2021-10-15 18:40:20.940,S1,R2,627.3406982421875,188.4375,621.7142944335938,227.8125,587.9560546875,233.4375,565.4505615234375,278.4375,559.82421875,306.5625,649.84619140625,227.8125,666.7252807617188,272.8125,689.2307739257812,317.8125,604.835205078125,329.0625,599.2088012695312,396.5625,599.2088012695312,464.0625,644.2197875976562,329.0625,649.84619140625,396.5625,649.84619140625,464.0625,14.0,-32.0,53.0
2021-10-15 18:40:20.970,S1,R2,627.3406982421875,188.4375,621.7142944335938,227.8125,587.9560546875,233.4375,565.4505615234375,278.4375,559.82421875,312.1875,655.4725341796875,233.4375,672.3516845703125,272.8125,689.2307739257812,317.8125,604.835205078125,329.0625,599.2088012695312,402.1875,599.2088012695312,469.6875,644.2197875976562,329.0625,649.84619140625,402.1875,649.84619140625,464.0625,14.0,-34.0,51.0
2021-10-15 18:40:21.000,S1,R2,632.967041015625,188.4375,621.7142944335938,227.8125,587.9560546875,233.4375,565.4505615234375,278.4375,554.1978149414062,300.9375,655.4725341796875,233.4375,672.3516845703125,272.8125,694.857177734375,312.1875,604.835205078125,329.0625,599.2088012695312,402.1875,599.2088012695312,469.6875,644.2197875976562,329.0625,649.84619140625,402.1875,649.84619140625,464.0625,7.0,-33.0,44.0
2021-10-15 18:40:21.030,S1,R2,632.967041015625,194.0625,621.7142944335938,227.8125,587.9560546875,233.4375,559.82421875,272.8125,548.5714721679688,295.3125,655.4725341796875,233.4375,683.6044311523438,272.8125,711.7362670898438,300.9375,610.4615478515625,329.0625,599.2088012695312,396.5625,599.2088012695312,464.0625,644.2197875976562,329.0625,649.84619140625,402.1875,655.4725341796875,464.0625,5.0,-32.0,44.0
2021-10-15 18:40:21.060,S1,R2,621.7142944335938,194.0625,627.3406982421875,227.8125,587.9560546875,233.4375,559.82421875,267.1875,571.0769653320312,295.3125,655.4725341796875,233.4375,692.0439758300781,264.375,722.989013671875,281.25,610.4615478515625,323.4375,599.2088012695312,396.5625,599.2088012695312,469.6875,644.2197875976562,329.0625,649.84619140625,402.1875,655.4725341796875,469.6875,7.0,-35.0,45.0
2021-10-15 18:40:21.090,S1,R2,627.3406982421875,188.4375,627.3406982421875,227.8125,593.5824584960938,233.4375,554.1978149414062,239.0625,593.5824584960938,227.8125,655.4725341796875,233.4375,700.4835205078125,255.9375,734.2417602539062,261.5625,604.835205078125,329.0625,599.2088012695312,402.1875,599.2088012695312,469.6875,644.2197875976562,329.0625,649.84619140625,402.1875,649.84619140625,469.6875,8.0,-38.0,46.0
2021-10-15 18:40:21.120,S1,R2,627.3406982421875,188.4375,627.3406982421875,227.8125,587.9560546875,227.8125,542.945068359375,227.8125,514.8131713867188,222.1875,655.4725341796875,233.4375,700.4835205078125,239.0625,745.4945068359375,233.4375,604.835205078125,329.0625,599.2088012695312,402.1875,599.2088012695312,469.6875,644.2197875976562,329.0625,649.84619140625,402.1875,649.84619140625,464.0625,6.5,-42.5,46.5
2021-10-15 18:40:21.150,S1,R2,627.3406982421875,188.4375,627.3406982421875,227.8125,587.9560546875,222.1875,537.3186645507812,210.9375,492.3077087402344,199.6875,661.0989379882812,222.1875,706.1099243164062,222.1875,745.4945068359375,216.5625,604.835205078125,329.0625,599.2088012695312,396.5625,599.2088012695312,464.0625,644.2197875976562,329.0625,649.84619140625,402.1875,649.84619140625,464.0625,5.0,-47.0,47.0
2021-10-15 18:40:21.180,S1,R2,627.3406982421875,182.8125,627.3406982421875,222.1875,587.9560546875,222.1875,542.945068359375,199.6875,509.18682861328125,171.5625,655.4725341796875,222.1875,694.857177734375,210.9375,717.3626708984375,199.6875,604.835205078125,329.0625,599.2088012695312,396.5625,599.2088012695312,464.0625,644.2197875976562,329.0625,649.84619140625,402.1875,649.84619140625,464.0625,5.0,-51.0,47.0
2021-10-15 18:40:21.210,S1,R2,627.3406982421875,182.8125,627.3406982421875,222.1875,587.9560546875,222.1875,554.1978149414062,182.8125,526.06591796875,149.0625,655.4725341796875,216.5625,700.4835205078125,188.4375,722.989013671875,165.9375,604.835205078125,323.4375,599.2088012695312,396.5625,599.2088012695312,464.0625,644.2197875976562,329.0625,649.84619140625,402.1875,649.84619140625,464.0625,3.0,-52.0,46.0
2021-10-15 18:40:21.240,S1,R2,632.967041015625,182.8125,621.7142944335938,222.1875,587.9560546875,222.1875,559.82421875,182.8125,548.5714721679688,137.8125,655.4725341796875,216.5625,683.6044311523438,182.8125,706.1099243164062,149.0625,604.835205078125,323.4375,599.2088012695312,396.5625,599.2088012695312,464.0625,644.2197875976562,329.0625,649.84619140625,402.1875,649.84619140625,464.0625,6.0,-51.0,42.0
2021-10-15 18:40:21.270,S1,R2,627.3406982421875,177.1875,627.3406982421875,222.1875,587.9560546875,222.1875,565.4505615234375,177.1875,565.4505615234375,120.9375,655.4725341796875,216.5625,683.6044311523438,177.1875,689.2307739257812,132.1875,604.835205078125,329.0625,599.2088012695312,396.5625,599.2088012695312,464.0625,644.2197875976562,329.0625,649.84619140625,402.1875,649.84619140625,464.0625,13.5,-51.0,42.0
2021-10-15 18:40:21.300,S1,R2,627.3406982421875,177.1875,627.3406982421875,216.5625,587.9560546875,216.5625,571.0769653320312,160.3125,582.3297119140625,120.9375,649.84619140625,216.5625,677.97802734375,171.5625,672.3516845703125,120.9375,604.835205078125,323.4375,599.2088012695312,396.5625,599.2088012695312,464.0625,644.2197875976562,323.4375,649.84619140625,402.1875,649.84619140625,464.0625,21.0,-51.0,42.0
2021-10-15 18:40:21.330,S1,R2,627.3406982421875,182.8125,627.3406982421875,216.5625,587.9560546875,216.5625,571.0769653320312,165.9375,587.9560546875,126.5625,655.4725341796875,216.5625,677.97802734375,171.5625,666.7252807617188,126.5625,604.835205078125,323.4375,599.2088012695312,396.5625,599.2088012695312,464.0625,644.2197875976562,323.4375,649.84619140625,402.1875,649.84619140625,464.0625,41.0,-52.0,53.0
2021-10-15 18:40:21.360,S1,R2,627.3406982421875,177.1875,627.3406982421875,216.5625,587.9560546875,216.5625,565.4505615234375,165.9375,587.9560546875,120.9375,655.4725341796875,216.5625,677.97802734375,171.5625,661.0989379882812,126.5625,604.835205078125,323.4375,599.2088012695312,396.5625,599.2088012695312,464.0625,644.2197875976562,323.4375,649.84619140625,396.5625,649.84619140625,464.0625,38.0,-49.0,53.0
2021-10-15 18:40:21.390,S1,R2,627.3406982421875,182.8125,627.3406982421875,216.5625,587.9560546875,216.5625,565.4505615234375,177.1875,576.7033081054688,132.1875,655.4725341796875,216.5625,683.6044311523438,177.1875,672.3516845703125,132.1875,604.835205078125,323.4375,599.2088012695312,396.5625,599.2088012695312,464.0625,644.2197875976562,323.4375,649.84619140625,396.5625,649.84619140625,464.0625,55.0,-54.0,56.0
2021-10-15 18:40:21.420,S1,R2,621.7142944335938,182.8125,627.3406982421875,216.5625,587.9560546875,216.5625,559.82421875,182.8125,559.82421875,132.1875,655.4725341796875,216.5625,694.857177734375,194.0625,689.2307739257812,143.4375,604.835205078125,323.4375,599.2088012695312,396.5625,599.2088012695312,458.4375,644.2197875976562,323.4375,649.84619140625,396.5625,649.84619140625,458.4375,55.0,-62.0,65.0
2021-10-15 18:40:21.450,S1,R2,627.3406982421875,182.8125,627.3406982421875,216.5625,587.9560546875,216.5625,548.5714721679688,182.8125,548.5714721679688,143.4375,655.4725341796875,216.5625,694.857177734375,199.6875,700.4835205078125,154.6875,604.835205078125,323.4375,599.2088012695312,390.9375,599.2088012695312,458.4375,649.84619140625,323.4375,649.84619140625,396.5625,649.84619140625,458.4375,-7.0,-32.0,29.0
2021-10-15 18:40:21.480,S1,R2,627.3406982421875,182.8125,627.3406982421875,216.5625,587.9560546875,216.5625,548.5714721679688,199.6875,537.3186645507812,154.6875,655.4725341796875,216.5625,700.4835205078125,205.3125,717.3626708984375,165.9375,604.835205078125,323.4375,599.2088012695312,390.9375,599.2088012695312,458.4375,649.84619140625,323.4375,649.84619140625,390.9375,649.84619140625,458.4375,-33.0,-17.0,28.0
2021-10-15 18:40:21.510,S1,R2,632.967041015625,177.1875,627.3406982421875,216.5625,587.9560546875,216.5625,548.5714721679688,205.3125,520.4395751953125,160.3125,655.4725341796875,216.5625,706.1099243164062,222.1875,722.989013671875,182.8125,604.835205078125,323.4375,599.2088012695312,390.9375,599.2088012695312,458.4375,649.84619140625,323.4375,649.84619140625,390.9375,649.84619140625,458.4375,-28.0,-1.0,5.0
2021-10-15 18:40:21.540,S1,R2,627.3406982421875,182.8125,627.3406982421875,216.5625,587.9560546875,216.5625,542.945068359375,205.3125,509.18682861328125,177.1875,655.4725341796875,216.5625,706.1099243164062,222.1875,728.6154174804688,188.4375,604.835205078125,323.4375,599.2088012695312,390.9375,599.2088012695312,458.4375,649.84619140625,323.4375,649.84619140625,390.9375,649.84619140625,458.4375,-16.0,-26.0,-5.0
2021-10-15 18:40:21.570,S1,R2,632.967041015625,177.1875,627.3406982421875,216.5625,587.9560546875,216.5625,542.945068359375,210.9375,503.5604553222656,182.8125,661.0989379882812,216.5625,700.4835205078125,227.8125,734.2417602539062,199.6875,604.835205078125,323.4375,599.2088012695312,390.9375,599.2088012695312,458.4375,649.84619140625,323.4375,649.84619140625,390.9375,649.84619140625,458.4375,12.0,-45.0,8.0
2021-10-15 18:40:21.600,S1,R2,632.967041015625,177.1875,627.3406982421875,216.5625,593.5824584960938,216.5625,548.5714721679688,222.1875,509.18682861328125,194.0625,661.0989379882812,216.5625,700.4835205078125,227.8125,728.6154174804688,205.3125,604.835205078125,323.4375,599.2088012695312,390.9375,599.2088012695312,458.4375,649.84619140625,323.4375,649.84619140625,390.9375,655.4725341796875,458.4375,47.0,-125.0,37.0
2021-10-15 18:40:21.630,S1,R2,638.5934448242188,171.5625,627.3406982421875,216.5625,593.5824584960938,216.5625,548.5714721679688,222.1875,514.8131713867188,210.9375,661.0989379882812,216.5625,711.7362670898438,244.6875,728.6154174804688,216.5625,610.4615478515625,317.8125,604.835205078125,390.9375,599.2088012695312,458.4375,649.84619140625,317.8125,655.4725341796875,390.9375,655.4725341796875,458.4375,76.0,-128.0,62.0
2021-10-15 18:40:21.660,S1,R2,638.5934448242188,177.1875,627.3406982421875,210.9375,599.2088012695312,210.9375,559.82421875,227.8125,526.06591796875,227.8125,661.0989379882812,216.5625,706.1099243164062,244.6875,728.6154174804688,227.8125,610.4615478515625,317.8125,599.2088012695312,390.9375,599.2088012695312,458.4375,649.84619140625,317.8125,661.0989379882812,390.9375,661.0989379882812,458.4375,68.0,-70.0,110.0
2021-10-15 18:40:21.690,S1,R2,638.5934448242188,188.4375,632.967041015625,216.5625,599.2088012695312,216.5625,559.82421875,233.4375,537.3186645507812,233.4375,666.7252807617188,222.1875,700.4835205078125,255.9375,728.6154174804688,239.0625,610.4615478515625,317.8125,599.2088012695312,390.9375,599.2088012695312,458.4375,649.84619140625,317.8125,661.0989379882812,390.9375,661.0989379882812,458.4375,4.0,-62.0,37.0
2021-10-15 18:40:21.720,S1,R2,632.967041015625,182.8125,632.967041015625,227.8125,599.2088012695312,222.1875,565.4505615234375,255.9375,554.1978149414062,272.8125,666.7252807617188,227.8125,694.857177734375,272.8125,711.7362670898438,261.5625,610.4615478515625,317.8125,599.2088012695312,390.9375,604.835205078125,458.4375,649.84619140625,323.4375,666.7252807617188,390.9375,666.7252807617188,458.4375,0.0,-77.0,5.0
2021-10-15 18:40:21.750,S1,R2,638.5934448242188,194.0625,632.967041015625,227.8125,593.5824584960938,227.8125,565.4505615234375,267.1875,582.3297119140625,295.3125,666.7252807617188,233.4375,694.857177734375,278.4375,711.7362670898438,289.6875,610.4615478515625,329.0625,599.2088012695312,390.9375,604.835205078125,458.4375,649.84619140625,329.0625,672.3516845703125,390.9375,666.7252807617188,458.4375,35.0,-62.0,-3.0
2021-10-15 18:40:21.780,S1,R2,638.5934448242188,216.5625,632.967041015625,244.6875,599.2088012695312,244.6875,565.4505615234375,278.4375,576.7033081054688,300.9375,666.7252807617188,244.6875,694.857177734375,284.0625,689.2307739257812,300.9375,610.4615478515625,334.6875,599.2088012695312,396.5625,604.835205078125,458.4375,649.84619140625,334.6875,672.3516845703125,396.5625,666.7252807617188,458.4375,7.0,-19.0,-26.0
2021-10-15 18:40:21.810,S1,R2,638.5934448242188,222.1875,632.967041015625,255.9375,599.2088012695312,255.9375,571.0769653320312,284.0625,576.7033081054688,312.1875,666.7252807617188,255.9375,677.97802734375,295.3125,689.2307739257812,312.1875,610.4615478515625,345.9375,593.5824584960938,402.1875,604.835205078125,464.0625,649.84619140625,345.9375,677.97802734375,396.5625,666.7252807617188,464.0625,-10.0,-18.0,-22.0
2021-10-15 18:40:21.840,S1,R2,638.5934448242188,244.6875,632.967041015625,272.8125,599.2088012695312,278.4375,576.7033081054688,306.5625,582.3297119140625,329.0625,666.7252807617188,278.4375,683.6044311523438,323.4375,672.3516845703125,329.0625,610.4615478515625,351.5625,593.5824584960938,407.8125,604.835205078125,464.0625,649.84619140625,351.5625,677.97802734375,402.1875,666.7252807617188,464.0625,19.0,-9.0,53.0
2021-10-15 18:40:21.870,S1,R2,632.967041015625,255.9375,632.967041015625,289.6875,604.835205078125,284.0625,582.3297119140625,323.4375,587.9560546875,351.5625,666.7252807617188,289.6875,683.6044311523438,334.6875,666.7252807617188,351.5625,610.4615478515625,368.4375,593.5824584960938,407.8125,604.835205078125,464.0625,649.84619140625,368.4375,677.97802734375,402.1875,666.7252807617188,464.0625,28.0,-67.0,127.0
2021-10-15 18:40:21.900,S1,R2,638.5934448242188,278.4375,632.967041015625,306.5625,604.835205078125,300.9375,582.3297119140625,345.9375,593.5824584960938,368.4375,666.7252807617188,306.5625,683.6044311523438,357.1875,666.7252807617188,368.4375,616.0879516601562,374.0625,587.9560546875,407.8125,604.835205078125,464.0625,655.4725341796875,374.0625,683.6044311523438,407.8125,666.7252807617188,464.0625,-8.0,-123.0,127.0
2021-10-15 18:40:21.930,S1,R2,644.2197875976562,289.6875,632.967041015625,312.1875,604.835205078125,312.1875,582.3297119140625,351.5625,593.5824584960938,374.0625,666.7252807617188,317.8125,677.97802734375,362.8125,666.7252807617188,385.3125,610.4615478515625,390.9375,593.5824584960938,407.8125,604.835205078125,464.0625,655.4725341796875,385.3125,683.6044311523438,407.8125,666.7252807617188,464.0625,115.0,-93.0,127.0
2021-10-15 18:40:21.960,S1,R2,644.2197875976562,300.9375,632.967041015625,317.8125,604.835205078125,323.4375,587.9560546875,351.5625,593.5824584960938,379.6875,666.7252807617188,323.4375,677.97802734375,368.4375,672.3516845703125,379.6875,616.0879516601562,390.9375,593.5824584960938,407.8125,604.835205078125,464.0625,649.84619140625,390.9375,683.6044311523438,407.8125,666.7252807617188,469.6875,127.0,-122.0,127.0
2021-10-15 18:40:21.990,S1,R2,644.2197875976562,300.9375,632.967041015625,329.0625,604.835205078125,323.4375,587.9560546875,357.1875,593.5824584960938,379.6875,672.3516845703125,329.0625,683.6044311523438,379.6875,670.4762166341146,383.4375,610.4615478515625,396.5625,593.5824584960938,407.8125,604.835205078125,464.0625,649.84619140625,396.5625,683.6044311523438,407.8125,666.7252807617188,469.6875,89.0,-128.0,127.0
2021-10-15 18:40:22.020,S1,R2,644.2197875976562,300.9375,632.967041015625,329.0625,604.835205078125,323.4375,582.3297119140625,362.8125,593.5824584960938,385.3125,666.7252807617188,334.6875,683.6044311523438,379.6875,668.6007486979166,387.1875,616.0879516601562,396.5625,593.5824584960938,407.8125,604.835205078125,464.0625,649.84619140625,396.5625,683.6044311523438,407.8125,666.7252807617188,469.6875,71.5,-128.0,97.5
2021-10-15 18:40:22.050,S1,R2,644.2197875976562,295.3125,632.967041015625,317.8125,604.835205078125,323.4375,582.3297119140625,362.8125,593.5824584960938,379.6875,666.7252807617188,329.0625,694.857177734375,374.0625,666.7252807617188,390.9375,616.0879516601562,396.5625,593.5824584960938,413.4375,604.835205078125,464.0625,655.4725341796875,390.9375,683.6044311523438,413.4375,666.7252807617188,469.6875,54.0,-128.0,68.0
2021-10-15 18:40:22.080,S1,R2,644.2197875976562,284.0625,632.967041015625,312.1875,604.835205078125,312.1875,576.7033081054688,357.1875,593.5824584960938,368.4375,672.3516845703125,317.8125,694.857177734375,362.8125,672.3516845703125,362.8125,610.4615478515625,390.9375,593.5824584960938,419.0625,604.835205078125,464.0625,655.4725341796875,385.3125,683.6044311523438,413.4375,666.7252807617188,469.6875,45.0,-128.0,40.0
2021-10-15 18:40:22.110,S1,R2,638.5934448242188,284.0625,632.967041015625,306.5625,604.835205078125,306.5625,576.7033081054688,340.3125,571.0769653320312,345.9375,672.3516845703125,306.5625,694.857177734375,345.9375,683.6044311523438,362.8125,616.0879516601562,379.6875,593.5824584960938,424.6875,604.835205078125,469.6875,655.4725341796875,374.0625,683.6044311523438,413.4375,666.7252807617188,469.6875,18.0,-128.0,-1.0
2021-10-15 18:40:22.140,S1,R2,638.5934448242188,267.1875,638.5934448242188,295.3125,599.2088012695312,295.3125,582.3297119140625,329.0625,571.0769653320312,323.4375,677.97802734375,289.6875,694.857177734375,334.6875,711.7362670898438,312.1875,610.4615478515625,374.0625,593.5824584960938,419.0625,604.835205078125,464.0625,655.4725341796875,368.4375,683.6044311523438,413.4375,666.7252807617188,464.0625,19.0,-122.0,2.0
2021-10-15 18:40:22.170,S1,R2,638.5934448242188,255.9375,632.967041015625,272.8125,599.2088012695312,278.4375,571.0769653320312,312.1875,576.7033386230469,312.1875,672.3516845703125,278.4375,689.2307739257812,317.8125,694.857177734375,306.5625,610.4615478515625,357.1875,599.2088012695312,413.4375,604.835205078125,464.0625,649.84619140625,357.1875,677.97802734375,413.4375,666.7252807617188,464.0625,33.0,-113.0,7.0
2021-10-15 18:40:22.200,S1,R2,638.5934448242188,227.8125,632.967041015625,261.5625,604.835205078125,261.5625,582.3297119140625,295.3125,582.3297119140625,300.9375,672.3516845703125,261.5625,700.4835205078125,295.3125,706.1099243164062,261.5625,610.4615478515625,351.5625,599.2088012695312,407.8125,604.835205078125,464.0625,655.4725341796875,351.5625,677.97802734375,407.8125,666.7252807617188,464.0625,24.0,-103.0,3.0
2021-10-15 18:40:22.230,S1,R2,638.5934448242188,216.5625,632.967041015625,244.6875,599.2088012695312,250.3125,576.7033081054688,278.4375,565.4505615234375,278.4375,672.3516845703125,250.3125,706.1099243164062,284.0625,689.2307739257812,300.9375,616.0879516601562,340.3125,599.2088012695312,402.1875,604.835205078125,464.0625,661.0989379882812,340.3125,672.3516845703125,402.1875,666.7252807617188,464.0625,19.0,-123.0,19.0
2021-10-15 18:40:22.260,S1,R2,638.5934448242188,199.6875,638.5934448242188,222.1875,599.2088012695312,227.8125,571.0769653320312,267.1875,587.9560546875,295.3125,666.7252807617188,233.4375,694.857177734375,272.8125,700.4835205078125,244.6875,616.0879516601562,329.0625,599.2088012695312,396.5625,604.835205078125,464.0625,655.4725341796875,329.0625,672.3516845703125,396.5625,672.3516845703125,464.0625,-128.0,-115.0,-57.0
2021-10-15 18:40:22.290,S1,R2,638.5934448242188,177.1875,632.967041015625,210.9375,599.2088012695312,210.9375,571.0769653320312,255.9375,576.7033081054688,227.8125,672.3516845703125,216.5625,700.4835205078125,261.5625,694.857177734375,233.4375,616.0879516601562,312.1875,604.835205078125,385.3125,599.2088012695312,458.4375,661.0989379882812,312.1875,666.7252807617188,385.3125,672.3516845703125,458.4375,-128.0,-3.0,-79.0
2021-10-15 18:40:22.320,S1,R2,638.5934448242188,160.3125,632.967041015625,199.6875,604.835205078125,194.0625,565.4505615234375,233.4375,587.9560546875,222.1875,666.7252807617188,199.6875,694.857177734375,250.3125,694.857177734375,222.1875,616.0879516601562,295.3125,610.4615478515625,374.0625,593.5824584960938,447.1875,655.4725341796875,300.9375,666.7252807617188,374.0625,677.97802734375,441.5625,-128.0,-48.0,-68.0
2021-10-15 18:40:22.350,S1,R2,644.2197875976562,149.0625,632.967041015625,182.8125,599.2088012695312,182.8125,571.0769653320312,227.8125,582.3297119140625,216.5625,666.7252807617188,188.4375,694.857177734375,239.0625,694.857177734375,216.5625,616.0879516601562,284.0625,610.4615478515625,362.8125,599.2088012695312,435.9375,655.4725341796875,284.0625,666.7252807617188,362.8125,677.97802734375,430.3125,-128.0,-93.0,-57.0
2021-10-15 18:40:22.380,S1,R2,649.84619140625,137.8125,632.967041015625,177.1875,604.835205078125,171.5625,565.4505615234375,216.5625,576.7033081054688,210.9375,661.0989379882812,177.1875,683.6044311523438,216.5625,694.857177734375,216.5625,616.0879516601562,272.8125,610.4615478515625,351.5625,599.2088012695312,424.6875,661.0989379882812,272.8125,666.7252807617188,345.9375,683.6044311523438,419.0625,-114.0,-77.0,-38.0
2021-10-15 18:40:22.410,S1,R2,644.2197875976562,132.1875,632.967041015625,171.5625,604.835205078125,171.5625,565.4505615234375,210.9375,587.9560546875,210.9375,666.7252807617188,177.1875,694.857177734375,227.8125,694.857177734375,210.9375,616.0879516601562,267.1875,610.4615478515625,345.9375,604.835205078125,424.6875,655.4725341796875,267.1875,666.7252807617188,340.3125,683.6044311523438,419.0625,-88.0,-92.0,-35.0
2021-10-15 18:40:22.440,S1,R2,644.2197875976562,120.9375,632.967041015625,165.9375,604.835205078125,165.9375,565.4505615234375,210.9375,587.9560546875,205.3125,672.3516845703125,171.5625,694.857177734375,222.1875,689.2307739257812,205.3125,616.0879516601562,267.1875,610.4615478515625,340.3125,604.835205078125,419.0625,655.4725341796875,267.1875,666.7252807617188,340.3125,683.6044311523438,413.4375,-1.0,-128.0,-10.0
2021-10-15 18:40:22.470,S1,R2,649.84619140625,120.9375,632.967041015625,165.9375,599.2088012695312,160.3125,565.4505615234375,210.9375,593.5824584960938,205.3125,672.3516845703125,171.5625,694.857177734375,227.8125,689.2307739257812,205.3125,616.0879516601562,267.1875,610.4615478515625,340.3125,604.835205078125,413.4375,655.4725341796875,267.1875,666.7252807617188,340.3125,683.6044311523438,413.4375,18.0,-128.0,5.0
2021-10-15 18:40:22.500,S1,R2,644.2197875976562,120.9375,632.967041015625,165.9375,599.2088012695312,160.3125,565.4505615234375,205.3125,593.5824584960938,205.3125,672.3516845703125,171.5625,694.857177734375,227.8125,689.2307739257812,205.3125,616.0879516601562,261.5625,610.4615478515625,340.3125,610.4615478515625,413.4375,655.4725341796875,261.5625,666.7252807617188,334.6875,683.6044311523438,413.4375,14.0,-128.0,-1.0
2021-10-15 18:40:22.530,S1,R2,644.2197875976562,126.5625,632.967041015625,165.9375,599.2088012695312,160.3125,565.4505615234375,210.9375,593.5824584960938,205.3125,672.3516845703125,171.5625,694.857177734375,222.1875,689.2307739257812,205.3125,616.0879516601562,267.1875,610.4615478515625,340.3125,610.4615478515625,413.4375,655.4725341796875,267.1875,666.7252807617188,340.3125,683.6044311523438,413.4375,33.0,-128.0,29.0
2021-10-15 18:40:22.560,S1,R2,644.2197875976562,132.1875,632.967041015625,165.9375,604.835205078125,165.9375,576.7033081054688,210.9375,582.3297119140625,208.125,666.7252807617188,171.5625,694.857177734375,216.5625,692.0439758300781,213.75,616.0879516601562,267.1875,610.4615478515625,340.3125,604.835205078125,419.0625,655.4725341796875,267.1875,666.7252807617188,340.3125,683.6044311523438,413.4375,58.0,-128.0,45.0
2021-10-15 18:40:22.590,S1,R2,644.2197875976562,143.4375,632.967041015625,177.1875,604.835205078125,177.1875,576.7033081054688,216.5625,571.0769653320312,210.9375,666.7252807617188,182.8125,694.857177734375,233.4375,694.857177734375,222.1875,616.0879516601562,272.8125,610.4615478515625,351.5625,599.2088012695312,430.3125,661.0989379882812,278.4375,672.3516845703125,345.9375,689.2307739257812,424.6875,111.0,-128.0,90.0
2021-10-15 18:40:22.620,S1,R2,644.2197875976562,149.0625,632.967041015625,182.8125,604.835205078125,188.4375,576.7033081054688,227.8125,573.89013671875,213.75,666.7252807617188,188.4375,692.0439758300781,244.6875,685.4798787434896,242.8125,621.7142944335938,284.0625,604.835205078125,368.4375,599.2088012695312,435.9375,655.4725341796875,289.6875,677.97802734375,362.8125,689.2307739257812,435.9375,91.0,-128.0,127.0
2021-10-15 18:40:22.650,S1,R2,644.2197875976562,165.9375,638.5934448242188,199.6875,604.835205078125,199.6875,576.7033081054688,239.0625,576.7033081054688,216.5625,666.7252807617188,205.3125,689.2307739257812,255.9375,676.1025797526041,263.4375,616.0879516601562,295.3125,604.835205078125,374.0625,593.5824584960938,447.1875,661.0989379882812,295.3125,677.97802734375,368.4375,689.2307739257812,441.5625,32.0,-128.0,127.0
2021-10-15 18:40:22.680,S1,R2,638.5934448242188,194.0625,632.967041015625,216.5625,599.2088012695312,222.1875,571.0769653320312,255.9375,578.5787760416666,248.4375,666.7252807617188,222.1875,689.2307739257812,272.8125,666.7252807617188,284.0625,616.0879516601562,312.1875,599.2088012695312,385.3125,593.5824584960938,458.4375,661.0989379882812,312.1875,683.6044311523438,385.3125,689.2307739257812,452.8125,127.0,-128.0,127.0
2021-10-15 18:40:22.710,S1,R2,638.5934448242188,210.9375,632.967041015625,227.8125,666.7252807617188,233.4375,689.2307739257812,289.6875,580.4542439778646,280.3125,599.2088012695312,233.4375,571.0769653320312,272.8125,599.2088012695312,300.9375,655.4725341796875,323.4375,683.6044311523438,390.9375,683.6044311523438,452.8125,616.0879516601562,323.4375,599.2088012695312,390.9375,593.5824584960938,452.8125,94.0,-87.0,127.0
2021-10-15 18:40:22.740,S1,R2,638.5934448242188,227.8125,632.967041015625,250.3125,599.2088012695312,255.9375,571.0769653320312,295.3125,582.3297119140625,312.1875,672.3516845703125,255.9375,694.857177734375,300.9375,683.6044311523438,312.1875,616.0879516601562,345.9375,593.5824584960938,396.5625,599.2088012695312,458.4375,655.4725341796875,340.3125,689.2307739257812,396.5625,683.6044311523438,458.4375,103.0,-49.0,127.0
2021-10-15 18:40:22.770,S1,R2,638.5934448242188,239.0625,632.967041015625,272.8125,599.2088012695312,272.8125,571.0769653320312,317.8125,571.0769653320312,300.9375,666.7252807617188,272.8125,694.857177734375,323.4375,672.3516845703125,334.6875,610.4615478515625,357.1875,587.9560546875,407.8125,599.2088012695312,458.4375,655.4725341796875,351.5625,689.2307739257812,396.5625,683.6044311523438,458.4375,94.5,-63.0,127.0
2021-10-15 18:40:22.800,S1,R2,638.5934448242188,267.1875,632.967041015625,289.6875,599.2088012695312,289.6875,571.0769653320312,334.6875,576.7033081054688,306.5625,666.7252807617188,295.3125,689.2307739257812,340.3125,672.3516845703125,357.1875,616.0879516601562,368.4375,587.9560546875,407.8125,599.2088012695312,464.0625,655.4725341796875,362.8125,689.2307739257812,396.5625,677.97802734375,464.0625,86.0,-77.0,127.0
2021-10-15 18:40:22.830,S1,R2,638.5934448242188,284.0625,632.967041015625,306.5625,599.2088012695312,306.5625,576.7033081054688,345.9375,576.7033081054688,340.3125,666.7252807617188,312.1875,689.2307739257812,357.1875,672.3516845703125,368.4375,616.0879516601562,379.6875,582.3297119140625,407.8125,599.2088012695312,464.0625,655.4725341796875,379.6875,689.2307739257812,407.8125,677.97802734375,464.0625,83.0,-121.0,127.0
2021-10-15 18:40:22.860,S1,R2,644.2197875976562,295.3125,632.967041015625,317.8125,604.835205078125,317.8125,576.7033081054688,357.1875,587.9560546875,362.8125,666.7252807617188,317.8125,689.2307739257812,362.8125,666.7252807617188,390.9375,616.0879516601562,390.9375,587.9560546875,407.8125,593.5824584960938,464.0625,655.4725341796875,385.3125,689.2307739257812,407.8125,677.97802734375,464.0625,59.0,-128.0,127.0
2021-10-15 18:40:22.890,S1,R2,638.5934448242188,300.9375,632.967041015625,329.0625,604.835205078125,329.0625,576.7033081054688,362.8125,587.9560546875,379.6875,666.7252807617188,329.0625,689.2307739257812,374.0625,666.7252807617188,390.9375,616.0879516601562,396.5625,587.9560546875,413.4375,593.5824584960938,469.6875,655.4725341796875,390.9375,689.2307739257812,407.8125,677.97802734375,464.0625,51.0,-128.0,116.0
2021-10-15 18:40:22.920,S1,R2,638.5934448242188,317.8125,632.967041015625,334.6875,604.835205078125,340.3125,576.7033081054688,368.4375,587.9560546875,385.3125,666.7252807617188,340.3125,689.2307739257812,379.6875,672.3516845703125,390.9375,616.0879516601562,402.1875,587.9560546875,413.4375,593.5824584960938,464.0625,655.4725341796875,402.1875,689.2307739257812,413.4375,677.97802734375,469.6875,68.0,-128.0,116.0
2021-10-15 18:40:22.950,S1,R2,638.5934448242188,317.8125,638.5934448242188,340.3125,604.835205078125,345.9375,576.7033081054688,368.4375,576.7033081054688,379.6875,672.3516845703125,340.3125,694.857177734375,385.3125,683.6044311523438,385.3125,616.0879516601562,407.8125,593.5824584960938,407.8125,593.5824584960938,464.0625,655.4725341796875,407.8125,689.2307739257812,419.0625,677.97802734375,469.6875,49.0,-128.0,94.0
2021-10-15 18:40:22.980,S1,R2,638.5934448242188,317.8125,638.5934448242188,340.3125,604.835205078125,345.9375,576.7033081054688,368.4375,582.3297119140625,385.3125,666.7252807617188,340.3125,694.857177734375,379.6875,689.2307739257812,385.3125,616.0879516601562,407.8125,593.5824584960938,413.4375,593.5824584960938,464.0625,655.4725341796875,407.8125,689.2307739257812,419.0625,677.97802734375,469.6875,36.0,-128.0,76.0
2021-10-15 18:40:23.010,S1,R2,644.2197875976562,312.1875,638.5934448242188,334.6875,604.835205078125,340.3125,576.7033081054688,374.0625,576.7033081054688,385.3125,666.7252807617188,334.6875,689.2307739257812,379.6875,683.6044311523438,385.3125,616.0879516601562,402.1875,593.5824584960938,407.8125,593.5824584960938,464.0625,655.4725341796875,402.1875,689.2307739257812,419.0625,677.97802734375,464.0625,38.0,-128.0,71.0
2021-10-15 18:40:23.040,S1,R2,649.84619140625,300.9375,632.967041015625,329.0625,610.4615478515625,329.0625,576.7033081054688,368.4375,593.5824584960938,390.9375,666.7252807617188,334.6875,689.2307739257812,368.4375,672.3516845703125,390.9375,616.0879516601562,396.5625,593.5824584960938,413.4375,599.2088012695312,464.0625,655.4725341796875,390.9375,689.2307739257812,413.4375,677.97802734375,464.0625,12.0,-128.0,31.0
2021-10-15 18:40:23.070,S1,R2,655.4725341796875,295.3125,638.5934448242188,317.8125,610.4615478515625,317.8125,576.7033081054688,357.1875,593.5824584960938,368.4375,672.3516845703125,317.8125,694.857177734375,362.8125,689.2307739257812,368.4375,616.0879516601562,390.9375,593.5824584960938,419.0625,599.2088012695312,464.0625,661.0989379882812,390.9375,689.2307739257812,413.4375,677.97802734375,464.0625,1.0,-109.0,18.0
2021-10-15 18:40:23.100,S1,R2,661.0989379882812,278.4375,644.2197875976562,312.1875,610.4615478515625,306.5625,576.7033081054688,351.5625,599.2088012695312,362.8125,677.97802734375,306.5625,694.857177734375,351.5625,694.857177734375,362.8125,621.7142944335938,379.6875,593.5824584960938,419.0625,599.2088012695312,469.6875,661.0989379882812,379.6875,694.857177734375,413.4375,683.6044311523438,464.0625,6.0,-103.0,13.0
2021-10-15 18:40:23.130,S1,R2,666.7252807617188,267.1875,644.2197875976562,295.3125,610.4615478515625,300.9375,582.3297119140625,334.6875,604.835205078125,345.9375,677.97802734375,300.9375,694.857177734375,340.3125,689.2307739257812,345.9375,621.7142944335938,368.4375,599.2088012695312,419.0625,599.2088012695312,464.0625,661.0989379882812,368.4375,694.857177734375,407.8125,677.97802734375,464.0625,-15.0,-65.0,-20.0
2021-10-15 18:40:23.160,S1,R2,666.7252807617188,250.3125,649.84619140625,284.0625,616.0879516601562,284.0625,587.9560546875,329.0625,604.835205078125,340.3125,677.97802734375,284.0625,689.2307739257812,329.0625,694.857177734375,329.0625,621.7142944335938,362.8125,604.835205078125,419.0625,599.2088012695312,464.0625,661.0989379882812,362.8125,694.857177734375,407.8125,683.6044311523438,464.0625,-12.0,-42.0,-21.0
2021-10-15 18:40:23.190,S1,R2,672.3516845703125,239.0625,649.84619140625,267.1875,621.7142944335938,272.8125,593.5824584960938,312.1875,616.0879516601562,317.8125,677.97802734375,267.1875,689.2307739257812,306.5625,689.2307739257812,317.8125,621.7142944335938,357.1875,610.4615478515625,413.4375,599.2088012695312,464.0625,661.0989379882812,357.1875,694.857177734375,407.8125,677.97802734375,464.0625,-26.0,-63.0,-25.0
2021-10-15 18:40:23.220,S1,R2,672.3516845703125,227.8125,649.84619140625,255.9375,621.7142944335938,261.5625,587.9560546875,300.9375,621.7142944335938,306.5625,677.97802734375,255.9375,689.2307739257812,295.3125,689.2307739257812,312.1875,627.3406982421875,345.9375,616.0879516601562,413.4375,599.2088012695312,464.0625,666.7252807617188,345.9375,694.857177734375,402.1875,677.97802734375,464.0625,-128.0,-30.0,-72.0
2021-10-15 18:40:23.250,S1,R2,677.97802734375,210.9375,649.84619140625,244.6875,627.3406982421875,244.6875,593.5824584960938,289.6875,627.3406982421875,300.9375,677.97802734375,244.6875,689.2307739257812,284.0625,689.2307739257812,295.3125,627.3406982421875,334.6875,621.7142944335938,402.1875,599.2088012695312,458.4375,666.7252807617188,334.6875,689.2307739257812,402.1875,677.97802734375,458.4375,-128.0,-8.0,-93.0
2021-10-15 18:40:23.280,S1,R2,677.97802734375,194.0625,649.84619140625,233.4375,627.3406982421875,233.4375,593.5824584960938,278.4375,627.3406982421875,284.0625,672.3516845703125,233.4375,683.6044311523438,267.1875,689.2307739257812,284.0625,632.967041015625,329.0625,627.3406982421875,390.9375,610.4615478515625,452.8125,666.7252807617188,329.0625,683.6044311523438,390.9375,677.97802734375,458.4375,-128.0,11.0,-91.0
2021-10-15 18:40:23.310,S1,R2,683.6044311523438,188.4375,655.4725341796875,222.1875,632.967041015625,222.1875,593.5824584960938,267.1875,632.967041015625,278.4375,672.3516845703125,222.1875,677.97802734375,267.1875,694.857177734375,278.4375,632.967041015625,317.8125,632.967041015625,385.3125,616.0879516601562,452.8125,666.7252807617188,317.8125,677.97802734375,385.3125,677.97802734375,458.4375,-128.0,-23.0,-81.0
2021-10-15 18:40:23.340,S1,R2,677.97802734375,182.8125,655.4725341796875,216.5625,632.967041015625,216.5625,593.5824584960938,267.1875,638.5934448242188,278.4375,672.3516845703125,216.5625,677.97802734375,255.9375,694.857177734375,267.1875,632.967041015625,312.1875,632.967041015625,385.3125,621.7142944335938,458.4375,666.7252807617188,312.1875,677.97802734375,379.6875,666.7252807617188,452.8125,-128.0,-35.0,-65.0
2021-10-15 18:40:23.370,S1,R2,683.6044311523438,182.8125,655.4725341796875,210.9375,632.967041015625,210.9375,599.2088012695312,267.1875,638.5934448242188,278.4375,672.3516845703125,216.5625,677.97802734375,261.5625,694.857177734375,272.8125,632.967041015625,312.1875,638.5934448242188,385.3125,627.3406982421875,464.0625,666.7252807617188,312.1875,672.3516845703125,385.3125,655.4725341796875,452.8125,-84.0,-53.0,-42.0
2021-10-15 18:40:23.400,S1,R2,683.6044311523438,182.8125,655.4725341796875,210.9375,632.967041015625,210.9375,599.2088012695312,261.5625,638.5934448242188,278.4375,672.3516845703125,216.5625,683.6044311523438,255.9375,694.857177734375,267.1875,638.5934448242188,312.1875,638.5934448242188,385.3125,627.3406982421875,464.0625,666.7252807617188,312.1875,666.7252807617188,385.3125,655.4725341796875,447.1875,-55.0,-64.0,-32.0
2021-10-15 18:40:23.430,S1,R2,677.97802734375,182.8125,655.4725341796875,210.9375,638.5934448242188,210.9375,604.835205078125,261.5625,644.2197875976562,272.8125,672.3516845703125,216.5625,683.6044311523438,261.5625,694.857177734375,278.4375,632.967041015625,312.1875,638.5934448242188,385.3125,627.3406982421875,464.0625,666.7252807617188,312.1875,666.7252807617188,385.3125,655.4725341796875,447.1875,1.0,-92.0,-9.0
2021-10-15 18:40:23.460,S1,R2,677.97802734375,188.4375,655.4725341796875,222.1875,638.5934448242188,216.5625,610.4615478515625,261.5625,661.0989379882812,284.0625,666.7252807617188,227.8125,677.97802734375,272.8125,694.857177734375,284.0625,638.5934448242188,317.8125,638.5934448242188,390.9375,627.3406982421875,469.6875,661.0989379882812,317.8125,661.0989379882812,385.3125,644.2197875976562,452.8125,35.0,-125.0,8.0
2021-10-15 18:40:23.490,S1,R2,683.6044311523438,194.0625,655.4725341796875,222.1875,638.5934448242188,222.1875,621.7142944335938,272.8125,672.3516845703125,284.0625,666.7252807617188,227.8125,677.97802734375,272.8125,689.2307739257812,289.6875,644.2197875976562,317.8125,644.2197875976562,390.9375,632.967041015625,464.0625,661.0989379882812,323.4375,655.4725341796875,385.3125,644.2197875976562,452.8125,25.0,-128.0,1.0
2021-10-15 18:40:23.520,S1,R2,683.6044311523438,194.0625,655.4725341796875,227.8125,644.2197875976562,222.1875,632.967041015625,272.8125,683.6044311523438,289.6875,666.7252807617188,227.8125,677.97802734375,272.8125,689.2307739257812,289.6875,638.5934448242188,323.4375,649.84619140625,390.9375,638.5934448242188,464.0625,655.4725341796875,323.4375,649.84619140625,390.9375,644.2197875976562,458.4375,17.5,-128.0,19.0
2021-10-15 18:40:23.550,S1,R2,689.2307739257812,199.6875,655.4725341796875,227.8125,649.84619140625,227.8125,638.5934448242188,272.8125,683.6044311523438,289.6875,672.3516845703125,227.8125,672.3516845703125,272.8125,689.2307739257812,289.6875,638.5934448242188,317.8125,655.4725341796875,390.9375,638.5934448242188,464.0625,649.84619140625,317.8125,649.84619140625,390.9375,638.5934448242188,458.4375,10.0,-128.0,37.0
2021-10-15 18:40:23.580,S1,R2,689.2307739257812,210.9375,661.0989379882812,233.4375,666.7252807617188,233.4375,647.0329895019531,278.4375,689.2308044433594,295.3125,675.1648559570312,233.4375,675.1648559570312,278.4375,692.0439758300781,295.3125,638.5934448242188,323.4375,655.4725341796875,396.5625,632.967041015625,464.0625,649.84619140625,323.4375,649.84619140625,396.5625,644.2197875976562,452.8125,69.0,-128.0,84.0
2021-10-15 18:40:23.610,S1,R2,706.1099243164062,216.5625,672.3516845703125,244.6875,666.7252807617188,244.6875,655.4725341796875,284.0625,694.857177734375,300.9375,677.97802734375,239.0625,677.97802734375,284.0625,694.857177734375,300.9375,632.967041015625,329.0625,655.4725341796875,396.5625,627.3406982421875,464.0625,644.2197875976562,329.0625,655.4725341796875,396.5625,644.2197875976562,452.8125,59.0,-128.0,76.0
2021-10-15 18:40:23.640,S1,R2,706.1099243164062,233.4375,672.3516845703125,250.3125,672.3516845703125,255.9375,661.0989379882812,300.9375,700.4835205078125,317.8125,672.3516845703125,244.6875,672.3516845703125,300.9375,700.4835205078125,306.5625,632.967041015625,340.3125,655.4725341796875,402.1875,627.3406982421875,458.4375,638.5934448242188,334.6875,666.7252807617188,402.1875,644.2197875976562,452.8125,120.0,-128.0,127.0
2021-10-15 18:40:23.670,S1,R2,711.7362670898438,250.3125,672.3516845703125,261.5625,672.3516845703125,267.1875,661.0989379882812,312.1875,706.1099243164062,317.8125,677.97802734375,261.5625,683.6044311523438,300.9375,700.4835205078125,312.1875,632.967041015625,340.3125,661.0989379882812,402.1875,632.967041015625,458.4375,638.5934448242188,340.3125,666.7252807617188,407.8125,638.5934448242188,452.8125,102.0,-128.0,127.0
2021-10-15 18:40:23.700,S1,R2,717.3626708984375,261.5625,677.97802734375,278.4375,672.3516845703125,278.4375,666.7252807617188,329.0625,711.7362670898438,340.3125,677.97802734375,267.1875,672.3516845703125,323.4375,706.1099243164062,329.0625,627.3406982421875,345.9375,666.7252807617188,402.1875,632.967041015625,452.8125,638.5934448242188,345.9375,661.0989379882812,407.8125,638.5934448242188,452.8125,48.0,-128.0,127.0
2021-10-15 18:40:23.730,S1,R2,722.989013671875,278.4375,677.97802734375,289.6875,677.97802734375,289.6875,669.5384826660156,345.9375,708.923095703125,354.375,677.97802734375,284.0625,683.6044311523438,340.3125,706.1099243164062,340.3125,627.3406982421875,362.8125,672.3516845703125,407.8125,627.3406982421875,458.4375,627.3406982421875,357.1875,666.7252807617188,407.8125,638.5934448242188,458.4375,127.0,-107.0,127.0
2021-10-15 18:40:23.760,S1,R2,722.989013671875,295.3125,677.97802734375,306.5625,683.6044311523438,312.1875,672.3516845703125,362.8125,706.1099243164062,368.4375,683.6044311523438,300.9375,683.6044311523438,357.1875,706.1099243164062,357.1875,616.0879516601562,368.4375,666.7252807617188,407.8125,627.3406982421875,458.4375,632.967041015625,368.4375,677.97802734375,402.1875,638.5934448242188,458.4375,127.0,-74.0,127.0
2021-10-15 18:40:23.790,S1,R2,722.989013671875,300.9375,689.2307739257812,306.5625,689.2307739257812,317.8125,683.6044311523438,374.0625,711.7362670898438,385.3125,672.3516845703125,300.9375,677.97802734375,329.0625,708.923095703125,371.25,616.0879516601562,374.0625,672.3516845703125,407.8125,638.5934448242188,458.4375,632.967041015625,368.4375,677.97802734375,407.8125,638.5934448242188,458.4375,100.0,-100.0,127.0
2021-10-15 18:40:23.820,S1,R2,728.6154174804688,312.1875,694.857177734375,323.4375,683.6044311523438,323.4375,689.2307739257812,379.6875,717.3626708984375,390.9375,706.1099243164062,317.8125,689.2307739257812,379.6875,711.7362670898438,385.3125,616.0879516601562,379.6875,672.3516845703125,413.4375,632.967041015625,458.4375,632.967041015625,379.6875,683.6044311523438,407.8125,638.5934448242188,452.8125,127.0,-128.0,127.0
2021-10-15 18:40:23.850,S1,R2,734.2417602539062,312.1875,694.857177734375,329.0625,689.2307739257812,329.0625,694.857177734375,379.6875,722.989013671875,402.1875,706.1099243164062,323.4375,706.1099243164062,374.0625,724.1142944335937,375.1875,621.7142944335938,379.6875,672.3516845703125,413.4375,632.967041015625,464.0625,632.967041015625,379.6875,683.6044311523438,413.4375,644.2197875976562,452.8125,119.0,-128.0,127.0
2021-10-15 18:40:23.880,S1,R2,739.8681640625,317.8125,700.4835205078125,323.4375,700.4835205078125,329.0625,700.4835205078125,385.3125,728.6154174804688,396.5625,704.2344563802084,315.9375,704.2344563802084,359.0625,736.4923217773437,365.0625,621.7142944335938,379.6875,677.97802734375,413.4375,632.967041015625,458.4375,632.967041015625,379.6875,677.97802734375,413.4375,638.5934448242188,452.8125,66.0,-128.0,120.0
2021-10-15 18:40:23.910,S1,R2,745.4945068359375,306.5625,706.1099243164062,317.8125,706.1099243164062,323.4375,711.7362670898438,379.6875,739.8681640625,385.3125,702.3589884440104,308.4375,702.3589884440104,344.0625,748.8703491210938,354.9375,632.967041015625,374.0625,683.6044311523438,413.4375,632.967041015625,458.4375,632.967041015625,374.0625,683.6044311523438,407.8125,644.2197875976562,452.8125,47.0,-128.0,79.0
2021-10-15 18:40:23.940,S1,R2,751.1209106445312,300.9375,711.7362670898438,312.1875,717.3626708984375,317.8125,728.6154174804688,374.0625,739.8681640625,379.6875,700.4835205078125,300.9375,700.4835205078125,329.0625,761.2483764648438,344.8125,649.84619140625,368.4375,683.6044311523438,419.0625,632.967041015625,458.4375,649.84619140625,362.8125,677.97802734375,413.4375,638.5934448242188,452.8125,45.0,-128.0,60.0
2021-10-15 18:40:23.970,S1,R2,751.1209106445312,289.6875,722.989013671875,306.5625,717.3626708984375,306.5625,745.4945068359375,351.5625,779.2527465820312,340.3125,728.6154174804688,306.5625,734.2417602539062,357.1875,773.6264038085938,334.6875,649.84619140625,362.8125,677.97802734375,413.4375,627.3406982421875,458.4375,666.7252807617188,362.8125,694.857177734375,413.4375,644.2197875976562,452.8125,17.0,-128.0,25.0
2021-10-15 18:40:24.000,S1,R2,762.3736572265625,272.8125,728.6154174804688,295.3125,734.2417602539062,295.3125,762.3736572265625,340.3125,790.5054931640625,317.8125,717.3626708984375,284.0625,728.6154174804688,306.5625,781.1282348632812,312.1875,666.7252807617188,357.1875,677.97802734375,413.4375,627.3406982421875,452.8125,649.84619140625,345.9375,677.97802734375,407.8125,638.5934448242188,452.8125,10.0,-128.0,12.0
2021-10-15 18:40:24.030,S1,R2,768.0,255.9375,734.2417602539062,278.4375,745.4945068359375,284.0625,784.879150390625,323.4375,796.1318969726562,295.3125,722.989013671875,272.8125,739.8681640625,289.6875,788.6300659179688,289.6875,677.97802734375,345.9375,689.2307739257812,413.4375,638.5934448242188,452.8125,661.0989379882812,334.6875,672.3516845703125,407.8125,638.5934448242188,447.1875,-9.0,-128.0,-5.0
2021-10-15 18:40:24.060,S1,R2,773.6264038085938,250.3125,745.4945068359375,267.1875,751.1209106445312,267.1875,796.1318969726562,300.9375,801.7582397460938,267.1875,739.8681640625,261.5625,779.2527465820312,312.1875,796.1318969726562,267.1875,694.857177734375,340.3125,700.4835205078125,413.4375,649.84619140625,452.8125,677.97802734375,329.0625,683.6044311523438,402.1875,638.5934448242188,447.1875,-59.0,-128.0,-20.0
2021-10-15 18:40:24.090,S1,R2,784.879150390625,227.8125,751.1209106445312,250.3125,762.3736572265625,250.3125,807.3846435546875,261.5625,814.8864542643229,254.0625,734.2417602539062,239.0625,756.7472534179688,244.6875,803.0085720486111,269.0625,717.3626708984375,329.0625,700.4835205078125,407.8125,655.4725341796875,452.8125,694.857177734375,323.4375,683.6044311523438,396.5625,638.5934448242188,441.5625,-104.0,-122.0,-52.0
2021-10-15 18:40:24.120,S1,R2,790.5054931640625,205.3125,762.3736572265625,233.4375,762.3736572265625,233.4375,818.6373901367188,247.5,828.0146687825521,240.9375,739.8681640625,227.8125,745.4945068359375,255.9375,809.8852471245659,270.9375,728.6154174804688,323.4375,700.4835205078125,396.5625,661.0989379882812,452.8125,717.3626708984375,317.8125,683.6044311523438,385.3125,644.2197875976562,435.9375,-128.0,-113.0,-59.0
2021-10-15 18:40:24.150,S1,R2,801.7582397460938,199.6875,768.0,227.8125,784.879150390625,227.8125,829.89013671875,233.4375,841.1428833007812,227.8125,745.4945068359375,222.1875,734.2417602539062,267.1875,816.7619222005209,272.8125,751.1209106445312,317.8125,711.7362670898438,374.0625,666.7252807617188,419.0625,728.6154174804688,306.5625,700.4835205078125,368.4375,672.3516845703125,419.0625,-128.0,-60.0,-128.0
2021-10-15 18:40:24.180,S1,R2,813.010986328125,188.4375,768.0,210.9375,790.5054931640625,216.5625,841.1428833007812,233.4375,845.3626556396484,236.25,756.7472534179688,205.3125,739.8681640625,255.9375,823.6385972764757,274.6875,768.0,312.1875,734.2417602539062,368.4375,677.97802734375,402.1875,745.4945068359375,300.9375,734.2417602539062,362.8125,689.2307739257812,396.5625,-128.0,-35.0,-109.0
2021-10-15 18:40:24.210,S1,R2,818.6373901367188,182.8125,784.879150390625,205.3125,796.1318969726562,205.3125,841.1428833007812,239.0625,849.5824279785156,244.6875,768.0,199.6875,756.7472534179688,255.9375,830.5152723524305,276.5625,773.6264038085938,295.3125,773.6264038085938,362.8125,689.2307739257812,385.3125,756.7472534179688,295.3125,768.0,357.1875,694.857177734375,374.0625,-128.0,-81.0,-48.0
2021-10-15 18:40:24.240,S1,R2,829.89013671875,177.1875,790.5054931640625,199.6875,813.010986328125,199.6875,846.7692260742188,250.3125,853.8022003173828,253.125,773.6264038085938,194.0625,756.7472534179688,244.6875,837.3919474283854,278.4375,784.879150390625,289.6875,796.1318969726562,357.1875,706.1099243164062,374.0625,762.3736572265625,284.0625,779.2527465820312,345.9375,717.3626708984375,362.8125,-9.0,-62.0,-14.0
2021-10-15 18:40:24.270,S1,R2,846.7692260742188,177.1875,807.3846435546875,199.6875,824.2637329101562,199.6875,841.1428833007812,244.6875,858.02197265625,261.5625,790.5054931640625,188.4375,773.6264038085938,233.4375,844.2686225043403,280.3125,796.1318969726562,284.0625,813.010986328125,351.5625,768.0,351.5625,768.0,278.4375,784.879150390625,340.3125,768.0,351.5625,3.0,-56.5,-8.5
2021-10-15 18:40:24.300,S1,R2,863.6483764648438,182.8125,813.010986328125,194.0625,835.5164794921875,199.6875,841.1428833007812,250.3125,863.6483764648438,267.1875,801.7582397460938,188.4375,779.2527465820312,233.4375,851.1452975802952,282.1875,796.1318969726562,284.0625,841.1428833007812,345.9375,773.6264038085938,368.4375,773.6264038085938,272.8125,779.2527465820312,329.0625,786.7545776367188,364.6875,15.0,-51.0,-3.0
2021-10-15 18:40:24.330,S1,R2,869.2747192382812,188.4375,829.89013671875,205.3125,846.7692260742188,205.3125,852.3956298828125,255.9375,874.901123046875,278.4375,813.010986328125,194.0625,796.1318969726562,244.6875,858.02197265625,284.0625,807.3846435546875,289.6875,852.3956298828125,340.3125,784.879150390625,368.4375,784.879150390625,284.0625,801.7582397460938,329.0625,805.5091552734375,377.8125,70.0,15.0,26.0
2021-10-15 18:40:24.360,S1,R2,886.1538696289062,194.0625,841.1428833007812,199.6875,858.02197265625,205.3125,858.02197265625,261.5625,880.5274658203125,278.4375,824.2637329101562,194.0625,801.7582397460938,233.4375,863.6483764648438,278.4375,818.6373901367188,284.0625,863.6483764648438,345.9375,796.1318969726562,379.6875,796.1318969726562,272.8125,852.3956298828125,345.9375,824.2637329101562,390.9375,127.0,93.0,46.0
2021-10-15 18:40:24.390,S1,R2,897.4066162109375,199.6875,858.02197265625,205.3125,863.6483764648438,210.9375,863.6483764648438,255.9375,886.1538696289062,284.0625,841.1428833007812,199.6875,824.2637329101562,244.6875,880.5274963378906,286.875,824.2637329101562,295.3125,874.901123046875,345.9375,829.89013671875,396.5625,807.3846435546875,289.6875,858.02197265625,345.9375,829.89013671875,390.9375,127.0,127.0,30.0
2021-10-15 18:40:24.420,S1,R2,908.6593627929688,205.3125,863.6483764648438,216.5625,880.5274658203125,222.1875,874.901123046875,261.5625,897.4066162109375,295.3125,852.3956298828125,205.3125,863.6483764648438,255.9375,897.4066162109375,295.3125,841.1428833007812,300.9375,880.5274658203125,351.5625,852.3956298828125,407.8125,824.2637329101562,295.3125,858.02197265625,345.9375,858.02197265625,390.9375,101.0,74.0,14.0
2021-10-15 18:40:24.450,S1,R2,919.912109375,216.5625,874.901123046875,222.1875,891.7802124023438,227.8125,886.1538696289062,267.1875,908.6593627929688,300.9375,858.02197265625,216.5625,824.2637329101562,261.5625,894.5934143066406,309.375,846.7692260742188,312.1875,880.5274658203125,368.4375,897.4066162109375,430.3125,824.2637329101562,306.5625,863.6483764648438,362.8125,863.6483764648438,419.0625,89.0,41.0,6.0
2021-10-15 18:40:24.480,S1,R2,931.1648559570312,227.8125,874.901123046875,233.4375,897.4066162109375,239.0625,891.7802124023438,272.8125,919.912109375,312.1875,869.2747192382812,222.1875,835.5164794921875,261.5625,891.7802124023438,323.4375,858.02197265625,317.8125,897.4066162109375,379.6875,914.2857666015625,441.5625,835.5164794921875,312.1875,874.901123046875,379.6875,874.901123046875,424.6875,47.0,-9.0,-17.0
2021-10-15 18:40:24.510,S1,R2,936.791259765625,239.0625,897.4066162109375,244.6875,908.6593627929688,250.3125,908.6593627929688,289.6875,936.791259765625,317.8125,880.5274658203125,239.0625,841.1428833007812,272.8125,925.5385131835938,323.4375,863.6483764648438,334.6875,903.0330200195312,385.3125,931.1648559570312,447.1875,846.7692260742188,329.0625,880.5274658203125,385.3125,891.7802124023438,435.9375,13.0,-38.0,-22.0
2021-10-15 18:40:24.540,S1,R2,942.4176025390625,255.9375,897.4066162109375,261.5625,914.2857666015625,267.1875,919.912109375,312.1875,953.6703491210938,334.6875,880.5274658203125,255.9375,846.7692260742188,289.6875,934.9157918294271,332.8125,874.901123046875,345.9375,931.1648559570312,390.9375,931.1648559570312,447.1875,852.3956298828125,340.3125,903.0330200195312,385.3125,891.7802124023438,435.9375,26.0,-48.0,-3.0
2021-10-15 18:40:24.570,S1,R2,953.6703491210938,261.5625,903.0330200195312,272.8125,919.912109375,278.4375,931.1648559570312,317.8125,964.923095703125,334.6875,891.7802124023438,267.1875,891.7802124023438,323.4375,944.2930704752604,342.1875,874.901123046875,357.1875,953.6703491210938,385.3125,948.0440063476562,452.8125,858.02197265625,351.5625,908.6593627929688,385.3125,897.4066162109375,430.3125,54.0,-40.0,53.0
2021-10-15 18:40:24.600,S1,R2,953.6703491210938,278.4375,914.2857666015625,289.6875,925.5385131835938,289.6875,936.791259765625,340.3125,976.1758422851562,351.5625,891.7802124023438,284.0625,931.1648559570312,329.0625,953.6703491210938,351.5625,880.5274658203125,368.4375,953.6703491210938,385.3125,942.4176025390625,452.8125,869.2747192382812,362.8125,908.6593627929688,390.9375,897.4066162109375,430.3125,50.0,-32.0,61.0
2021-10-15 18:40:24.630,S1,R2,953.6703491210938,284.0625,919.912109375,300.9375,931.1648559570312,300.9375,948.0440063476562,345.9375,981.80224609375,357.1875,903.0330200195312,289.6875,874.901123046875,329.0625,964.923095703125,351.5625,886.1538696289062,374.0625,953.6703491210938,379.6875,942.4176025390625,452.8125,869.2747192382812,368.4375,931.1648559570312,374.0625,897.4066162109375,430.3125,24.0,-24.0,56.0
2021-10-15 18:40:24.660,S1,R2,959.2967529296875,289.6875,919.912109375,306.5625,936.791259765625,306.5625,948.0440063476562,357.1875,987.4285888671875,362.8125,914.2857666015625,300.9375,953.6703491210938,351.5625,976.1758422851562,351.5625,891.7802124023438,385.3125,964.923095703125,379.6875,942.4176025390625,452.8125,874.901123046875,374.0625,936.791259765625,374.0625,903.0330200195312,430.3125,45.0,-17.0,96.0
2021-10-15 18:40:24.690,S1,R2,964.923095703125,300.9375,925.5385131835938,312.1875,942.4176025390625,317.8125,959.2967529296875,362.8125,987.4285888671875,362.8125,914.2857666015625,300.9375,919.912109375,368.4375,976.1758422851562,362.8125,897.4066162109375,390.9375,970.5494995117188,385.3125,942.4176025390625,452.8125,874.901123046875,379.6875,936.791259765625,374.0625,903.0330200195312,430.3125,45.0,-6.0,90.0
2021-10-15 18:40:24.720,S1,R2,970.5494995117188,300.9375,931.1648559570312,317.8125,942.4176025390625,317.8125,964.923095703125,368.4375,993.0549926757812,362.8125,914.2857666015625,306.5625,925.5385131835938,334.6875,973.3626708984375,362.8125,903.0330200195312,390.9375,970.5494995117188,379.6875,942.4176025390625,452.8125,880.5274658203125,385.3125,936.791259765625,379.6875,897.4066162109375,430.3125,19.0,2.0,66.0
2021-10-15 18:40:24.750,S1,R2,970.5494995117188,300.9375,936.791259765625,317.8125,942.4176025390625,317.8125,964.923095703125,368.4375,987.4285888671875,362.8125,919.912109375,306.5625,948.0440063476562,334.6875,970.5494995117188,362.8125,903.0330200195312,390.9375,976.1758422851562,385.3125,942.4176025390625,452.8125,891.7802124023438,379.6875,953.6703491210938,379.6875,897.4066162109375,435.9375,55.0,25.0,92.0
2021-10-15 18:40:24.780,S1,R2,976.1758422851562,300.9375,936.791259765625,312.1875,942.4176025390625,317.8125,964.923095703125,368.4375,993.0549926757812,368.4375,919.912109375,306.5625,948.0440063476562,329.0625,973.9253173828125,362.8125,903.0330200195312,390.9375,981.80224609375,385.3125,948.0440063476562,452.8125,903.0330200195312,385.3125,976.1758422851562,390.9375,897.4066162109375,430.3125,62.0,29.0,90.0
2021-10-15 18:40:24.810,S1,R2,976.1758422851562,295.3125,936.791259765625,317.8125,948.0440063476562,317.8125,970.5494995117188,368.4375,998.6813354492188,374.0625,925.5385131835938,306.5625,936.791259765625,329.0625,977.3011352539063,362.8125,903.0330200195312,385.3125,976.1758422851562,385.3125,942.4176025390625,452.8125,891.7802124023438,379.6875,959.2967529296875,374.0625,903.0330200195312,435.9375,93.0,56.0,73.0
2021-10-15 18:40:24.840,S1,R2,976.1758422851562,295.3125,942.4176025390625,312.1875,953.6703491210938,317.8125,970.5494995117188,368.4375,998.6813354492188,374.0625,925.5385131835938,300.9375,936.791259765625,329.0625,980.676953125,362.8125,908.6593627929688,385.3125,976.1758422851562,385.3125,942.4176025390625,452.8125,891.7802124023438,379.6875,959.2967529296875,374.0625,903.0330200195312,430.3125,127.0,54.0,88.0
2021-10-15 18:40:24.870,S1,R2,976.1758422851562,289.6875,948.0440063476562,312.1875,953.6703491210938,317.8125,970.5494995117188,362.8125,998.6813354492188,374.0625,931.1648559570312,300.9375,948.0440063476562,334.6875,984.0527709960937,362.8125,908.6593627929688,385.3125,981.80224609375,390.9375,942.4176025390625,452.8125,891.7802124023438,374.0625,964.923095703125,368.4375,903.0330200195312,424.6875,127.0,53.0,112.0
2021-10-15 18:40:24.900,S1,R2,981.80224609375,284.0625,942.4176025390625,300.9375,953.6703491210938,306.5625,970.5494995117188,362.8125,998.6813354492188,368.4375,931.1648559570312,289.6875,959.2967529296875,357.1875,987.4285888671875,362.8125,908.6593627929688,379.6875,987.4285888671875,390.9375,942.4176025390625,452.8125,891.7802124023438,368.4375,925.5385131835938,390.9375,903.0330200195312,424.6875,127.0,96.0,127.0
2021-10-15 18:40:24.930,S1,R2,981.80224609375,278.4375,942.4176025390625,295.3125,959.2967529296875,295.3125,970.5494995117188,357.1875,993.0549926757812,362.8125,931.1648559570312,284.0625,959.2967529296875,351.5625,981.80224609375,362.8125,914.2857666015625,374.0625,993.0549926757812,396.5625,942.4176025390625,447.1875,897.4066162109375,362.8125,931.1648559570312,390.9375,908.6593627929688,424.6875,127.0,94.0,127.0
2021-10-15 18:40:24.960,S1,R2,981.80224609375,278.4375,942.4176025390625,295.3125,959.2967529296875,295.3125,970.5494995117188,345.9375,993.0549926757812,357.1875,931.1648559570312,284.0625,897.4066162109375,312.1875,985.5531616210938,351.5625,919.912109375,368.4375,993.0549926757812,396.5625,942.4176025390625,447.1875,903.0330200195312,362.8125,919.912109375,390.9375,908.6593627929688,424.6875,127.0,26.0,127.0
2021-10-15 18:40:24.990,S1,R2,981.80224609375,272.8125,948.0440063476562,289.6875,959.2967529296875,289.6875,959.2967529296875,340.3125,987.4285888671875,334.6875,936.791259765625,284.0625,908.6593627929688,312.1875,989.3040771484375,340.3125,919.912109375,362.8125,987.4285888671875,396.5625,942.4176025390625,447.1875,903.0330200195312,357.1875,925.5385131835938,390.9375,908.6593627929688,430.3125,106.0,22.0,127.0
2021-10-15 18:40:25.020,S1,R2,981.80224609375,261.5625,942.4176025390625,278.4375,959.2967529296875,278.4375,959.2967529296875,340.3125,998.6813354492188,334.6875,931.1648559570312,272.8125,953.6703491210938,323.4375,993.0549926757812,329.0625,925.5385131835938,357.1875,987.4285888671875,396.5625,936.791259765625,447.1875,914.2857666015625,357.1875,925.5385131835938,390.9375,908.6593627929688,430.3125,80.5,24.0,110.0
2021-10-15 18:40:25.050,S1,R2,981.80224609375,255.9375,948.0440063476562,272.8125,959.2967529296875,272.8125,959.2967529296875,317.8125,993.0549926757812,329.0625,936.791259765625,267.1875,908.6593627929688,306.5625,989.3040771484375,325.3125,925.5385131835938,351.5625,987.4285888671875,396.5625,936.791259765625,447.1875,908.6593627929688,351.5625,925.5385131835938,390.9375,908.6593627929688,430.3125,55.0,26.0,93.0
2021-10-15 18:40:25.080,S1,R2,981.80224609375,250.3125,948.0440063476562,267.1875,959.2967529296875,272.8125,953.6703491210938,317.8125,987.4285888671875,317.8125,936.791259765625,261.5625,914.2857666015625,300.9375,985.5531616210938,321.5625,925.5385131835938,345.9375,987.4285888671875,396.5625,942.4176025390625,447.1875,914.2857666015625,340.3125,925.5385131835938,385.3125,908.6593627929688,430.3125,70.0,13.0,64.0
2021-10-15 18:40:25.110,S1,R2,981.80224609375,239.0625,942.4176025390625,261.5625,964.923095703125,261.5625,953.6703491210938,312.1875,987.4285888671875,312.1875,936.791259765625,250.3125,953.6703491210938,300.9375,981.80224609375,317.8125,931.1648559570312,340.3125,981.80224609375,396.5625,942.4176025390625,447.1875,914.2857666015625,340.3125,925.5385131835938,379.6875,903.0330200195312,430.3125,68.0,-26.0,-12.0
2021-10-15 18:40:25.140,S1,R2,981.80224609375,233.4375,948.0440063476562,250.3125,959.2967529296875,250.3125,953.6703491210938,312.1875,987.4285888671875,306.5625,936.791259765625,244.6875,953.6703491210938,300.9375,993.0549926757812,306.5625,931.1648559570312,340.3125,976.1758422851562,390.9375,936.791259765625,447.1875,914.2857666015625,334.6875,925.5385131835938,379.6875,897.4066162109375,435.9375,26.0,-23.0,-45.0
2021-10-15 18:40:25.170,S1,R2,981.80224609375,233.4375,948.0440063476562,250.3125,959.2967529296875,250.3125,953.6703491210938,289.6875,987.4285888671875,300.9375,936.791259765625,244.6875,914.2857666015625,284.0625,990.2417907714844,303.75,931.1648559570312,334.6875,976.1758422851562,385.3125,942.4176025390625,447.1875,914.2857666015625,329.0625,925.5385131835938,379.6875,903.0330200195312,430.3125,-4.0,-4.0,-49.0
2021-10-15 18:40:25.200,S1,R2,987.4285888671875,216.5625,948.0440063476562,244.6875,959.2967529296875,244.6875,953.6703491210938,295.3125,987.4285888671875,295.3125,936.791259765625,239.0625,953.6703491210938,289.6875,987.4285888671875,300.9375,936.791259765625,329.0625,976.1758422851562,385.3125,936.791259765625,447.1875,914.2857666015625,323.4375,925.5385131835938,379.6875,903.0330200195312,430.3125,-1.0,0.0,-51.0
2021-10-15 18:40:25.230,S1,R2,987.4285888671875,210.9375,948.0440063476562,239.0625,959.2967529296875,244.6875,953.6703491210938,289.6875,993.0549926757812,289.6875,942.4176025390625,233.4375,953.6703491210938,278.4375,981.80224609375,295.3125,936.791259765625,323.4375,970.5494995117188,385.3125,942.4176025390625,447.1875,914.2857666015625,323.4375,925.5385131835938,379.6875,903.0330200195312,430.3125,-24.0,12.0,-29.0
2021-10-15 18:40:25.260,S1,R2,987.4285888671875,210.9375,948.0440063476562,233.4375,959.2967529296875,233.4375,953.6703491210938,289.6875,993.0549926757812,289.6875,936.791259765625,227.8125,953.6703491210938,278.4375,981.80224609375,295.3125,936.791259765625,317.8125,970.5494995117188,385.3125,942.4176025390625,441.5625,919.912109375,317.8125,925.5385131835938,374.0625,903.0330200195312,430.3125,6.0,13.0,12.0
2021-10-15 18:40:25.290,S1,R2,981.80224609375,210.9375,948.0440063476562,227.8125,959.2967529296875,227.8125,953.6703491210938,284.0625,993.0549926757812,289.6875,936.791259765625,222.1875,953.6703491210938,278.4375,987.4285888671875,284.0625,942.4176025390625,317.8125,964.923095703125,379.6875,936.791259765625,441.5625,919.912109375,317.8125,925.5385131835938,374.0625,903.0330200195312,424.6875,21.0,23.0,25.0
2021-10-15 18:40:25.320,S1,R2,981.80224609375,205.3125,948.0440063476562,227.8125,959.2967529296875,227.8125,953.6703491210938,289.6875,993.0549926757812,289.6875,936.791259765625,222.1875,948.0440063476562,284.0625,987.4285888671875,284.0625,942.4176025390625,317.8125,964.923095703125,385.3125,942.4176025390625,441.5625,919.912109375,312.1875,919.912109375,374.0625,903.0330200195312,424.6875,-16.0,54.0,35.0
2021-10-15 18:40:25.350,S1,R2,987.4285888671875,199.6875,953.6703491210938,227.8125,959.2967529296875,227.8125,953.6703491210938,278.4375,993.0549926757812,284.0625,942.4176025390625,222.1875,953.6703491210938,278.4375,987.4285888671875,284.0625,942.4176025390625,317.8125,959.2967529296875,379.6875,942.4176025390625,441.5625,919.912109375,312.1875,919.912109375,374.0625,903.0330200195312,424.6875,-10.0,31.0,42.0
2021-10-15 18:40:25.380,S1,R2,987.4285888671875,199.6875,953.6703491210938,227.8125,959.2967529296875,227.8125,953.6703491210938,278.4375,993.0549926757812,284.0625,936.791259765625,222.1875,953.6703491210938,278.4375,987.4285888671875,284.0625,942.4176025390625,317.8125,953.6703491210938,379.6875,942.4176025390625,447.1875,919.912109375,312.1875,919.912109375,368.4375,903.0330200195312,424.6875,50.0,31.0,55.0
2021-10-15 18:40:25.410,S1,R2,987.4285888671875,199.6875,953.6703491210938,227.8125,959.2967529296875,227.8125,953.6703491210938,272.8125,993.0549926757812,284.0625,942.4176025390625,222.1875,953.6703491210938,278.4375,987.4285888671875,278.4375,942.4176025390625,317.8125,953.6703491210938,379.6875,936.791259765625,447.1875,919.912109375,312.1875,919.912109375,374.0625,903.0330200195312,424.6875,10.0,14.0,6.0
2021-10-15 18:40:25.440,S1,R2,981.80224609375,199.6875,953.6703491210938,227.8125,959.2967529296875,227.8125,953.6703491210938,278.4375,993.0549926757812,284.0625,936.791259765625,222.1875,953.6703491210938,278.4375,987.4285888671875,278.4375,942.4176025390625,317.8125,953.6703491210938,379.6875,936.791259765625,447.1875,925.5385131835938,312.1875,919.912109375,374.0625,903.0330200195312,424.6875,-25.0,9.0,-31.0
2021-10-15 18:40:25.470,S1,R2,981.80224609375,199.6875,948.0440063476562,222.1875,959.2967529296875,227.8125,953.6703491210938,272.8125,993.0549926757812,284.0625,936.791259765625,222.1875,953.6703491210938,278.4375,993.0549926757812,278.4375,942.4176025390625,317.8125,948.0440063476562,379.6875,936.791259765625,447.1875,925.5385131835938,312.1875,919.912109375,374.0625,903.0330200195312,424.6875,-7.0,13.0,-22.0
2021-10-15 18:40:25.500,S1,R2,981.80224609375,194.0625,948.0440063476562,227.8125,959.2967529296875,227.8125,953.6703491210938,278.4375,993.0549926757812,284.0625,936.791259765625,222.1875,953.6703491210938,278.4375,993.0549926757812,278.4375,942.4176025390625,317.8125,948.0440063476562,385.3125,936.791259765625,447.1875,925.5385131835938,312.1875,919.912109375,374.0625,903.0330200195312,424.6875,-4.0,-8.0,-14.0
2021-10-15 18:40:25.530,S1,R2,981.80224609375,194.0625,948.0440063476562,227.8125,959.2967529296875,227.8125,953.6703491210938,278.4375,987.4285888671875,284.0625,936.791259765625,222.1875,953.6703491210938,278.4375,993.0549926757812,278.4375,942.4176025390625,317.8125,948.0440063476562,379.6875,936.791259765625,447.1875,925.5385131835938,312.1875,919.912109375,374.0625,903.0330200195312,424.6875,-21.0,-14.0,-18.0
2021-10-15 18:40:25.560,S1,R2,981.80224609375,194.0625,948.0440063476562,227.8125,959.2967529296875,227.8125,953.6703491210938,278.4375,993.0549926757812,289.6875,936.791259765625,222.1875,953.6703491210938,278.4375,993.0549926757812,278.4375,942.4176025390625,317.8125,948.0440063476562,385.3125,936.791259765625,447.1875,925.5385131835938,312.1875,919.912109375,374.0625,903.0330200195312,424.6875,-10.0,-11.0,-9.0
2021-10-15 18:40:25.590,S1,R2,981.80224609375,194.0625,953.6703491210938,227.8125,953.6703491210938,227.8125,953.6703491210938,277.5,993.0549926757812,289.6875,942.4176025390625,222.1875,959.2967529296875,272.8125,993.0549926757812,278.4375,942.4176025390625,317.8125,948.0440063476562,379.6875,936.791259765625,447.1875,931.1648559570312,312.1875,919.912109375,374.0625,903.0330200195312,424.6875,12.0,-24.0,17.0
2021-10-15 18:40:25.620,S1,R2,981.80224609375,194.0625,953.6703491210938,227.8125,953.6703491210938,227.8125,953.6703491210938,276.5625,993.0549926757812,289.6875,942.4176025390625,222.1875,959.2967529296875,272.8125,993.0549926757812,278.4375,942.4176025390625,317.8125,948.0440063476562,379.6875,936.791259765625,447.1875,931.1648559570312,312.1875,919.912109375,374.0625,903.0330200195312,424.6875,14.0,-26.0,15.0
2021-10-15 18:40:25.650,S1,R2,981.80224609375,194.0625,953.6703491210938,227.8125,953.6703491210938,227.8125,953.6703491210938,275.625,993.0549926757812,289.6875,942.4176025390625,222.1875,959.2967529296875,278.4375,993.0549926757812,278.4375,942.4176025390625,317.8125,948.0440063476562,379.6875,936.791259765625,447.1875,931.1648559570312,312.1875,919.912109375,374.0625,903.0330200195312,424.6875,-3.0,-19.0,0.0
2021-10-15 18:40:25.680,S1,R2,981.80224609375,194.0625,953.6703491210938,227.8125,953.6703491210938,227.8125,953.6703491210938,274.6875,993.0549926757812,289.6875,948.0440063476562,222.1875,964.923095703125,267.1875,993.0549926757812,278.4375,948.0440063476562,317.8125,948.0440063476562,379.6875,936.791259765625,447.1875,931.1648559570312,312.1875,919.912109375,368.4375,903.0330200195312,424.6875,26.0,-18.0,37.0
2021-10-15 18:40:25.710,S1,R2,981.80224609375,199.6875,953.6703491210938,227.8125,953.6703491210938,227.8125,953.6703491210938,273.75,993.0549926757812,289.6875,942.4176025390625,222.1875,953.6703491210938,278.4375,987.4285888671875,284.0625,948.0440063476562,317.8125,948.0440063476562,379.6875,936.791259765625,447.1875,931.1648559570312,312.1875,919.912109375,368.4375,903.0330200195312,424.6875,31.0,-12.0,44.0
2021-10-15 18:40:25.740,S1,R2,981.80224609375,194.0625,953.6703491210938,227.8125,959.2967529296875,227.8125,953.6703491210938,272.8125,993.0549926757812,289.6875,942.4176025390625,222.1875,953.6703491210938,278.4375,998.6813354492188,284.0625,948.0440063476562,317.8125,948.0440063476562,379.6875,942.4176025390625,447.1875,931.1648559570312,312.1875,919.912109375,368.4375,903.0330200195312,424.6875,15.0,30.0,47.0
2021-10-15 18:40:25.770,S1,R2,987.4285888671875,194.0625,953.6703491210938,227.8125,964.923095703125,227.8125,959.2967529296875,272.8125,993.0549926757812,295.3125,942.4176025390625,222.1875,953.6703491210938,278.4375,998.6813354492188,285.1875,948.0440063476562,317.8125,948.0440063476562,379.6875,942.4176025390625,447.1875,931.1648559570312,312.1875,919.912109375,368.4375,903.0330200195312,424.6875,27.0,36.0,75.0
2021-10-15 18:40:25.800,S1,R2,987.4285888671875,194.0625,953.6703491210938,227.8125,964.923095703125,227.8125,959.2967529296875,272.8125,993.0549926757812,295.3125,942.4176025390625,222.1875,948.0440063476562,278.4375,998.6813354492188,286.3125,948.0440063476562,317.8125,948.0440063476562,379.6875,936.791259765625,447.1875,931.1648559570312,312.1875,919.912109375,368.4375,903.0330200195312,424.6875,39.0,42.0,103.0
2021-10-15 18:40:25.830,S1,R2,987.4285888671875,199.6875,953.6703491210938,227.8125,964.923095703125,227.8125,964.923095703125,272.8125,993.0549926757812,300.9375,942.4176025390625,222.1875,942.4176025390625,278.4375,998.6813354492188,287.4375,953.6703491210938,317.8125,948.0440063476562,379.6875,936.791259765625,447.1875,931.1648559570312,312.1875,919.912109375,368.4375,903.0330200195312,424.6875,103.0,35.0,121.0
2021-10-15 18:40:25.860,S1,R2,987.4285888671875,194.0625,953.6703491210938,227.8125,964.923095703125,227.8125,964.923095703125,272.8125,998.6813354492188,300.9375,942.4176025390625,222.1875,942.4176025390625,278.4375,998.6813354492188,288.5625,953.6703491210938,312.1875,948.0440063476562,379.6875,942.4176025390625,447.1875,931.1648559570312,312.1875,919.912109375,368.4375,903.0330200195312,424.6875,78.0,52.0,97.0
2021-10-15 18:40:25.890,S1,R2,993.0549926757812,194.0625,953.6703491210938,227.8125,964.923095703125,227.8125,964.923095703125,278.4375,998.6813354492188,300.9375,942.4176025390625,222.1875,948.0440063476562,278.4375,998.6813354492188,289.6875,953.6703491210938,317.8125,948.0440063476562,379.6875,942.4176025390625,447.1875,936.791259765625,312.1875,919.912109375,374.0625,903.0330200195312,430.3125,69.0,48.0,93.0
2021-10-15 18:40:25.920,S1,R2,993.0549926757812,194.0625,959.2967529296875,227.8125,964.923095703125,227.8125,964.923095703125,278.4375,1004.3077392578125,295.3125,948.0440063476562,222.1875,953.6703491210938,278.4375,998.6813354492188,289.6875,953.6703491210938,317.8125,948.0440063476562,385.3125,948.0440063476562,447.1875,936.791259765625,312.1875,919.912109375,374.0625,903.0330200195312,430.3125,127.0,52.0,127.0
2021-10-15 18:40:25.950,S1,R2,993.0549926757812,194.0625,959.2967529296875,227.8125,964.923095703125,227.8125,964.923095703125,278.4375,1004.3077392578125,295.3125,948.0440063476562,222.1875,953.6703491210938,278.4375,1004.3077392578125,295.3125,953.6703491210938,317.8125,948.0440063476562,385.3125,948.0440063476562,447.1875,936.791259765625,312.1875,919.912109375,374.0625,903.0330200195312,430.3125,48.0,35.0,80.0
2021-10-15 18:40:25.980,S1,R2,993.0549926757812,194.0625,959.2967529296875,227.8125,964.923095703125,227.8125,970.5494995117188,278.4375,1004.3077392578125,295.3125,948.0440063476562,222.1875,959.2967529296875,278.4375,998.6813354492188,295.3125,953.6703491210938,317.8125,948.0440063476562,379.6875,942.4176025390625,447.1875,936.791259765625,312.1875,919.912109375,374.0625,903.0330200195312,430.3125,32.0,34.0,80.0
2021-10-15 18:40:26.010,S1,R2,993.0549926757812,194.0625,959.2967529296875,227.8125,964.923095703125,227.8125,970.5494995117188,278.4375,1004.3077392578125,295.3125,948.0440063476562,222.1875,953.6703491210938,278.4375,998.6813354492188,295.3125,953.6703491210938,317.8125,948.0440063476562,385.3125,948.0440063476562,447.1875,936.791259765625,312.1875,919.912109375,374.0625,903.0330200195312,430.3125,127.0,2.0,127.0
2021-10-15 18:40:26.040,S1,R2,993.0549926757812,194.0625,959.2967529296875,227.8125,964.923095703125,227.8125,970.5494995117188,278.4375,998.6813354492188,295.3125,953.6703491210938,222.1875,959.2967529296875,278.4375,998.6813354492188,289.6875,953.6703491210938,317.8125,948.0440063476562,385.3125,942.4176025390625,447.1875,936.791259765625,312.1875,919.912109375,374.0625,903.0330200195312,430.3125,115.0,-45.0,127.0
2021-10-15 18:40:26.070,S1,R2,998.6813354492188,194.0625,959.2967529296875,227.8125,964.923095703125,227.8125,970.5494995117188,278.4375,998.6813354492188,295.3125,953.6703491210938,227.8125,953.6703491210938,278.4375,998.6813354492188,300.9375,953.6703491210938,317.8125,948.0440063476562,379.6875,942.4176025390625,447.1875,942.4176025390625,312.1875,919.912109375,374.0625,903.0330200195312,430.3125,99.0,-14.0,127.0
2021-10-15 18:40:26.100,S1,R2,998.6813354492188,199.6875,959.2967529296875,227.8125,964.923095703125,227.8125,970.5494995117188,272.8125,998.6813354492188,300.9375,948.0440063476562,227.8125,942.4176025390625,278.4375,999.8066162109375,299.8125,953.6703491210938,317.8125,948.0440063476562,385.3125,942.4176025390625,447.1875,936.791259765625,312.1875,919.912109375,374.0625,903.0330200195312,430.3125,118.0,-6.0,111.0
2021-10-15 18:40:26.130,S1,R2,998.6813354492188,205.3125,959.2967529296875,227.8125,964.923095703125,227.8125,970.5494995117188,272.8125,998.6813354492188,300.9375,948.0440063476562,227.8125,964.923095703125,267.1875,1000.9318969726562,298.6875,953.6703491210938,317.8125,948.0440063476562,379.6875,948.0440063476562,447.1875,936.791259765625,312.1875,919.912109375,374.0625,908.6593627929688,424.6875,88.0,0.0,76.0
2021-10-15 18:40:26.160,S1,R2,998.6813354492188,205.3125,959.2967529296875,227.8125,964.923095703125,227.8125,970.5494995117188,272.8125,1004.3077392578125,300.9375,948.0440063476562,227.8125,970.5494995117188,272.8125,1002.057177734375,297.5625,953.6703491210938,317.8125,948.0440063476562,379.6875,948.0440063476562,447.1875,936.791259765625,312.1875,919.912109375,374.0625,903.0330200195312,430.3125,71.0,19.0,43.0
2021-10-15 18:40:26.190,S1,R2,998.6813354492188,205.3125,959.2967529296875,227.8125,964.923095703125,227.8125,970.5494995117188,278.4375,1004.3077392578125,295.3125,948.0440063476562,227.8125,964.923095703125,272.8125,1003.1824584960938,296.4375,953.6703491210938,317.8125,948.0440063476562,379.6875,942.4176025390625,441.5625,936.791259765625,312.1875,919.912109375,368.4375,903.0330200195312,430.3125,83.0,31.0,39.0
2021-10-15 18:40:26.220,S1,R2,998.6813354492188,205.3125,959.2967529296875,227.8125,964.923095703125,227.8125,970.5494995117188,278.4375,1009.93408203125,295.3125,948.0440063476562,227.8125,970.5494995117188,278.4375,1004.3077392578125,295.3125,953.6703491210938,317.8125,948.0440063476562,379.6875,942.4176025390625,447.1875,936.791259765625,312.1875,919.912109375,374.0625,903.0330200195312,424.6875,71.0,32.0,31.0
2021-10-15 18:40:26.250,S1,R2,998.6813354492188,205.3125,959.2967529296875,227.8125,970.5494995117188,233.4375,970.5494995117188,278.4375,1009.93408203125,289.6875,948.0440063476562,227.8125,976.1758422851562,278.4375,1009.93408203125,284.0625,953.6703491210938,317.8125,948.0440063476562,385.3125,942.4176025390625,447.1875,936.791259765625,312.1875,919.912109375,374.0625,903.0330200195312,430.3125,21.0,32.0,5.0
2021-10-15 18:40:26.280,S1,R2,998.6813354492188,205.3125,959.2967529296875,227.8125,964.923095703125,233.4375,970.5494995117188,278.4375,1009.93408203125,289.6875,948.0440063476562,227.8125,976.1758422851562,272.8125,1009.93408203125,284.0625,953.6703491210938,317.8125,948.0440063476562,379.6875,942.4176025390625,447.1875,936.791259765625,312.1875,919.912109375,368.4375,903.0330200195312,424.6875,25.0,26.0,1.0
2021-10-15 18:40:26.310,S1,R2,998.6813354492188,205.3125,953.6703491210938,227.8125,964.923095703125,233.4375,964.923095703125,278.4375,1009.93408203125,289.6875,948.0440063476562,222.1875,970.5494995117188,267.1875,1009.93408203125,278.4375,953.6703491210938,317.8125,948.0440063476562,379.6875,942.4176025390625,447.1875,936.791259765625,312.1875,919.912109375,368.4375,903.0330200195312,424.6875,12.0,18.0,-4.0
2021-10-15 18:40:26.340,S1,R2,998.6813354492188,205.3125,953.6703491210938,227.8125,959.2967529296875,227.8125,964.923095703125,272.8125,998.6813354492188,284.0625,942.4176025390625,222.1875,970.5494995117188,267.1875,998.6813354492188,284.0625,948.0440063476562,317.8125,948.0440063476562,379.6875,942.4176025390625,441.5625,931.1648559570312,312.1875,919.912109375,368.4375,903.0330200195312,424.6875,-14.0,-8.0,-23.0
2021-10-15 18:40:26.370,S1,R2,993.0549926757812,205.3125,953.6703491210938,227.8125,959.2967529296875,227.8125,959.2967529296875,267.1875,993.0549926757812,289.6875,942.4176025390625,222.1875,953.6703491210938,272.8125,996.5714492797852,286.171875,948.0440063476562,312.1875,948.0440063476562,379.6875,942.4176025390625,441.5625,931.1648559570312,312.1875,919.912109375,368.4375,903.0330200195312,424.6875,-21.0,-23.0,-27.0
2021-10-15 18:40:26.400,S1,R2,993.0549926757812,205.3125,953.6703491210938,227.8125,959.2967529296875,227.8125,959.2967529296875,267.1875,987.4285888671875,295.3125,942.4176025390625,222.1875,948.0440063476562,272.8125,994.4615631103516,288.28125,948.0440063476562,312.1875,948.0440063476562,379.6875,942.4176025390625,441.5625,931.1648559570312,306.5625,919.912109375,368.4375,903.0330200195312,424.6875,-9.0,-26.0,-21.0
2021-10-15 18:40:26.430,S1,R2,993.0549926757812,205.3125,953.6703491210938,227.8125,959.2967529296875,227.8125,959.2967529296875,272.8125,981.80224609375,295.3125,942.4176025390625,222.1875,953.6703491210938,261.5625,992.351676940918,290.390625,948.0440063476562,312.1875,948.0440063476562,379.6875,942.4176025390625,441.5625,931.1648559570312,306.5625,919.912109375,368.4375,903.0330200195312,424.6875,-11.0,-13.0,-20.0
2021-10-15 18:40:26.460,S1,R2,993.0549926757812,199.6875,953.6703491210938,227.8125,959.2967529296875,227.8125,959.2967529296875,267.1875,981.80224609375,300.9375,942.4176025390625,222.1875,953.6703491210938,261.5625,990.2417907714844,292.5,953.6703491210938,312.1875,948.0440063476562,379.6875,942.4176025390625,441.5625,931.1648559570312,306.5625,919.912109375,368.4375,903.0330200195312,424.6875,-14.0,-10.0,-17.0
2021-10-15 18:40:26.490,S1,R2,993.0549926757812,199.6875,953.6703491210938,227.8125,959.2967529296875,227.8125,959.2967529296875,272.8125,981.80224609375,300.9375,942.4176025390625,222.1875,953.6703491210938,261.5625,988.1319046020508,294.609375,948.0440063476562,312.1875,948.0440063476562,374.0625,942.4176025390625,441.5625,931.1648559570312,306.5625,919.912109375,362.8125,903.0330200195312,424.6875,-1.0,-7.0,6.0
2021-10-15 18:40:26.520,S1,R2,987.4285888671875,205.3125,953.6703491210938,227.8125,959.2967529296875,227.8125,959.2967529296875,272.8125,987.4285888671875,306.5625,942.4176025390625,222.1875,942.4176025390625,278.4375,986.0220184326172,296.71875,948.0440063476562,317.8125,948.0440063476562,374.0625,936.791259765625,441.5625,931.1648559570312,312.1875,919.912109375,368.4375,903.0330200195312,424.6875,0.5,0.5,15.0
2021-10-15 18:40:26.550,S1,R2,987.4285888671875,205.3125,948.0440063476562,227.8125,959.2967529296875,233.4375,953.6703491210938,278.4375,987.4285888671875,300.9375,942.4176025390625,227.8125,953.6703491210938,278.4375,983.9121322631836,298.828125,942.4176025390625,317.8125,948.0440063476562,379.6875,936.791259765625,447.1875,931.1648559570312,312.1875,919.912109375,368.4375,903.0330200195312,424.6875,2.0,8.0,24.0
2021-10-15 18:40:26.580,S1,R2,987.4285888671875,205.3125,953.6703491210938,227.8125,953.6703491210938,227.8125,950.857177734375,278.4375,990.2417907714844,300.9375,942.4176025390625,227.8125,953.6703491210938,278.4375,981.80224609375,300.9375,942.4176025390625,317.8125,948.0440063476562,379.6875,936.791259765625,447.1875,931.1648559570312,312.1875,919.912109375,368.4375,897.4066162109375,424.6875,13.0,2.0,36.0
2021-10-15 18:40:26.610,S1,R2,987.4285888671875,205.3125,953.6703491210938,227.8125,953.6703491210938,233.4375,948.0440063476562,278.4375,993.0549926757812,300.9375,942.4176025390625,227.8125,953.6703491210938,272.8125,981.80224609375,289.6875,942.4176025390625,317.8125,948.0440063476562,385.3125,936.791259765625,447.1875,931.1648559570312,312.1875,919.912109375,374.0625,903.0330200195312,424.6875,86.0,-45.0,68.0
2021-10-15 18:40:26.640,S1,R2,987.4285888671875,205.3125,953.6703491210938,233.4375,953.6703491210938,233.4375,945.2308044433594,278.4375,990.2417907714844,298.125,959.2967529296875,227.8125,959.2967529296875,267.1875,981.80224609375,289.6875,942.4176025390625,317.8125,948.0440063476562,385.3125,936.791259765625,447.1875,936.791259765625,317.8125,919.912109375,374.0625,897.4066162109375,430.3125,111.0,-10.0,47.0
2021-10-15 18:40:26.670,S1,R2,987.4285888671875,205.3125,953.6703491210938,233.4375,948.0440063476562,227.8125,942.4176025390625,278.4375,987.4285888671875,295.3125,964.923095703125,233.4375,964.923095703125,267.1875,981.80224609375,284.0625,942.4176025390625,317.8125,948.0440063476562,379.6875,936.791259765625,441.5625,942.4176025390625,317.8125,919.912109375,374.0625,903.0330200195312,424.6875,81.0,9.0,21.0
2021-10-15 18:40:26.700,S1,R2,987.4285888671875,205.3125,959.2967529296875,233.4375,948.0440063476562,233.4375,942.4176025390625,278.4375,976.1758422851562,295.3125,970.5494995117188,233.4375,970.5494995117188,267.1875,981.80224609375,284.0625,942.4176025390625,312.1875,948.0440063476562,379.6875,936.791259765625,441.5625,942.4176025390625,317.8125,919.912109375,374.0625,903.0330200195312,430.3125,-2.0,18.0,-7.0
2021-10-15 18:40:26.730,S1,R2,987.4285888671875,205.3125,959.2967529296875,227.8125,948.0440063476562,233.4375,936.791259765625,272.8125,970.5494995117188,300.9375,970.5494995117188,227.8125,964.923095703125,261.5625,981.80224609375,284.0625,942.4176025390625,312.1875,948.0440063476562,379.6875,936.791259765625,447.1875,948.0440063476562,312.1875,919.912109375,374.0625,903.0330200195312,430.3125,13.0,14.0,-3.0
2021-10-15 18:40:26.760,S1,R2,987.4285888671875,205.3125,964.923095703125,233.4375,948.0440063476562,233.4375,936.791259765625,272.8125,970.5494995117188,306.5625,976.1758422851562,233.4375,970.5494995117188,267.1875,981.80224609375,289.6875,942.4176025390625,312.1875,953.6703491210938,379.6875,936.791259765625,447.1875,948.0440063476562,317.8125,925.5385131835938,374.0625,903.0330200195312,424.6875,23.0,14.0,-3.0
2021-10-15 18:40:26.790,S1,R2,987.4285888671875,205.3125,964.923095703125,233.4375,948.0440063476562,233.4375,936.791259765625,272.8125,964.923095703125,312.1875,976.1758422851562,233.4375,970.5494995117188,267.1875,970.5494995117188,312.1875,942.4176025390625,312.1875,953.6703491210938,379.6875,936.791259765625,447.1875,948.0440063476562,312.1875,925.5385131835938,374.0625,897.4066162109375,430.3125,45.0,25.0,22.0
2021-10-15 18:40:26.820,S1,R2,987.4285888671875,205.3125,964.923095703125,233.4375,948.0440063476562,233.4375,936.791259765625,272.8125,964.923095703125,312.1875,976.1758422851562,233.4375,970.5494995117188,272.8125,970.5494995117188,317.8125,942.4176025390625,317.8125,948.0440063476562,379.6875,936.791259765625,447.1875,953.6703491210938,312.1875,925.5385131835938,374.0625,897.4066162109375,430.3125,60.0,34.0,36.0
2021-10-15 18:40:26.850,S1,R2,987.4285888671875,205.3125,964.923095703125,233.4375,948.0440063476562,233.4375,936.791259765625,272.8125,964.923095703125,312.1875,976.1758422851562,233.4375,970.5494995117188,272.8125,970.5494995117188,317.8125,942.4176025390625,317.8125,953.6703491210938,379.6875,931.1648559570312,447.1875,953.6703491210938,317.8125,925.5385131835938,374.0625,897.4066162109375,430.3125,71.0,43.0,48.0
2021-10-15 18:40:26.880,S1,R2,993.0549926757812,199.6875,970.5494995117188,233.4375,953.6703491210938,233.4375,936.791259765625,278.4375,970.5494995117188,312.1875,981.80224609375,239.0625,976.1758422851562,278.4375,981.80224609375,312.1875,942.4176025390625,317.8125,948.0440063476562,385.3125,936.791259765625,452.8125,953.6703491210938,317.8125,925.5385131835938,379.6875,897.4066162109375,430.3125,65.0,63.0,55.0
2021-10-15 18:40:26.910,S1,R2,993.0549926757812,199.6875,970.5494995117188,233.4375,953.6703491210938,233.4375,942.4176025390625,278.4375,970.5494995117188,312.1875,981.80224609375,239.0625,976.1758422851562,278.4375,981.80224609375,306.5625,942.4176025390625,317.8125,953.6703491210938,379.6875,931.1648559570312,447.1875,953.6703491210938,317.8125,925.5385131835938,374.0625,897.4066162109375,430.3125,63.0,70.0,69.0
