Datetime,Subject,Repetition,Nose_X,Nose_Y,Neck_X,Neck_Y,Right_Shoulder_X,Right_Shoulder_Y,Right_Elbow_X,Right_Elbow_Y,Right_Wrist_X,Right_Wrist_Y,Left_Shoulder_X,Left_Shoulder_Y,Left_Elbow_X,Left_Elbow_Y,Left_Wrist_X,Left_Wrist_Y,Right_Hip_X,Right_Hip_Y,Right_Knee_X,Right_Knee_Y,Right_Ankle_X,Right_Ankle_Y,Left_Hip_X,Left_Hip_Y,Left_Knee_X,Left_Knee_Y,Left_Ankle_X,Left_Ankle_Y,ACC_x,ACC_y,ACC_z
2021-10-15 19:17:08.670,S4,R1,616.0879516601562,143.4375,616.0879516601562,182.8125,582.3297119140625,177.1875,537.3186645507812,160.3125,497.93408203125,132.1875,649.84619140625,177.1875,700.4835205078125,165.9375,739.8681640625,132.1875,599.2088012695312,278.4375,604.835205078125,351.5625,599.2088012695312,419.0625,638.5934448242188,278.4375,638.5934448242188,351.5625,638.5934448242188,413.4375,82.0,-1.0,-44.0
2021-10-15 19:17:08.700,S4,R1,616.0879516601562,143.4375,616.0879516601562,182.8125,582.3297119140625,177.1875,537.3186645507812,177.1875,497.93408203125,154.6875,649.84619140625,177.1875,694.857177734375,177.1875,756.7472534179688,154.6875,599.2088012695312,284.0625,599.2088012695312,351.5625,599.2088012695312,419.0625,638.5934448242188,278.4375,638.5934448242188,351.5625,638.5934448242188,413.4375,11.0,10.0,3.0
2021-10-15 19:17:08.730,S4,R1,616.0879516601562,143.4375,616.0879516601562,182.8125,582.3297119140625,182.8125,537.3186645507812,188.4375,486.68133544921875,177.1875,649.84619140625,177.1875,689.2307739257812,188.4375,739.8681640625,188.4375,599.2088012695312,284.0625,599.2088012695312,351.5625,599.2088012695312,419.0625,638.5934448242188,278.4375,638.5934448242188,351.5625,638.5934448242188,413.4375,-26.0,-4.0,27.0
2021-10-15 19:17:08.760,S4,R1,616.0879516601562,143.4375,616.0879516601562,182.8125,582.3297119140625,182.8125,542.945068359375,194.0625,486.68133544921875,199.6875,649.84619140625,177.1875,689.2307739257812,199.6875,734.2417602539062,199.6875,599.2088012695312,278.4375,599.2088012695312,351.5625,599.2088012695312,419.0625,638.5934448242188,278.4375,638.5934448242188,351.5625,638.5934448242188,413.4375,-51.0,2.0,57.0
2021-10-15 19:17:08.790,S4,R1,616.0879516601562,143.4375,616.0879516601562,182.8125,582.3297119140625,182.8125,542.945068359375,210.9375,497.93408203125,222.1875,649.84619140625,177.1875,683.6044311523438,205.3125,728.6154174804688,227.8125,599.2088012695312,278.4375,599.2088012695312,351.5625,604.835205078125,419.0625,638.5934448242188,278.4375,638.5934448242188,351.5625,638.5934448242188,413.4375,-27.0,7.0,57.0
2021-10-15 19:17:08.820,S4,R1,421.040319442749,150.9375,30.94505500793457,199.6875,53.4505500793457,194.0625,81.5824203491211,233.4375,59.07692337036133,244.6875,2.8131868839263916,199.6875,2.8131868839263916,222.1875,718.3003946940104,236.25,59.07692337036133,272.8125,75.95604705810547,329.0625,81.5824203491211,390.9375,25.318681716918945,272.8125,36.57143020629883,334.6875,42.19780349731445,385.3125,-28.0,6.0,52.0
2021-10-15 19:17:08.850,S4,R1,225.9926872253418,158.4375,25.318681716918945,199.6875,53.4505500793457,199.6875,75.95604705810547,233.4375,59.07692337036133,239.0625,2.8131868839263916,199.6875,2.8131868839263916,250.3125,707.9853719075521,244.6875,59.07692337036133,272.8125,70.32967376708984,329.0625,81.5824203491211,390.9375,19.69230842590332,272.8125,36.57143020629883,334.6875,42.19780349731445,385.3125,-14.0,6.0,-2.0
2021-10-15 19:17:08.880,S4,R1,30.94505500793457,165.9375,25.318681716918945,199.6875,53.4505500793457,199.6875,75.95604705810547,239.0625,59.07692337036133,250.3125,2.8131868839263916,205.3125,2.8131868839263916,250.3125,697.6703491210938,253.125,59.07692337036133,272.8125,70.32967376708984,329.0625,81.5824203491211,390.9375,2.8131868839263916,272.8125,36.57143020629883,334.6875,42.19780349731445,385.3125,23.0,9.0,-38.0
2021-10-15 19:17:08.910,S4,R1,36.57143020629883,160.3125,25.318681716918945,199.6875,53.4505500793457,199.6875,75.95604705810547,233.4375,75.95604705810547,216.5625,2.8131868839263916,205.3125,2.8131868839263916,250.3125,687.3553263346354,261.5625,53.4505500793457,272.8125,70.32967376708984,329.0625,81.5824203491211,390.9375,19.69230842590332,278.4375,36.57143020629883,334.6875,42.19780349731445,390.9375,103.0,-20.0,-13.0
2021-10-15 19:17:08.940,S4,R1,30.94505500793457,165.9375,25.318681716918945,205.3125,53.4505500793457,199.6875,70.32967376708984,233.4375,320.7033042907715,247.5,2.8131868839263916,205.3125,2.8131868839263916,250.3125,677.0403035481771,270.0,53.4505500793457,272.8125,70.32967376708984,329.0625,81.5824203491211,390.9375,2.8131868839263916,272.8125,30.94505500793457,334.6875,42.19780349731445,390.9375,118.0,-10.0,-22.0
2021-10-15 19:17:08.970,S4,R1,616.0879516601562,149.0625,621.7142944335938,182.8125,587.9560546875,188.4375,571.0769653320312,233.4375,565.4505615234375,278.4375,655.4725341796875,182.8125,661.0989379882812,233.4375,666.7252807617188,278.4375,599.2088012695312,284.0625,599.2088012695312,351.5625,604.835205078125,419.0625,644.2197875976562,284.0625,638.5934448242188,351.5625,638.5934448242188,413.4375,127.0,-12.0,-48.0
2021-10-15 19:17:09.000,S4,R1,616.0879516601562,149.0625,621.7142944335938,182.8125,587.9560546875,188.4375,571.0769653320312,233.4375,554.1978149414062,278.4375,649.84619140625,188.4375,661.0989379882812,233.4375,672.3516845703125,278.4375,599.2088012695312,284.0625,599.2088012695312,351.5625,604.835205078125,419.0625,638.5934448242188,284.0625,638.5934448242188,351.5625,638.5934448242188,413.4375,127.0,-2.0,-81.0
2021-10-15 19:17:09.030,S4,R1,616.0879516601562,149.0625,616.0879516601562,182.8125,587.9560546875,188.4375,565.4505615234375,233.4375,537.3186645507812,272.8125,649.84619140625,182.8125,666.7252807617188,227.8125,683.6044311523438,267.1875,599.2088012695312,278.4375,599.2088012695312,351.5625,604.835205078125,419.0625,638.5934448242188,278.4375,638.5934448242188,351.5625,638.5934448242188,413.4375,22.0,5.0,-66.0
2021-10-15 19:17:09.060,S4,R1,616.0879516601562,149.0625,616.0879516601562,182.8125,587.9560546875,188.4375,559.82421875,227.8125,520.4395751953125,261.5625,649.84619140625,182.8125,672.3516845703125,222.1875,694.857177734375,255.9375,599.2088012695312,278.4375,599.2088012695312,351.5625,599.2088012695312,419.0625,644.2197875976562,278.4375,638.5934448242188,351.5625,638.5934448242188,413.4375,-96.0,-8.0,-31.0
2021-10-15 19:17:09.090,S4,R1,616.0879516601562,149.0625,616.0879516601562,182.8125,587.9560546875,188.4375,548.5714721679688,227.8125,509.18682861328125,250.3125,649.84619140625,182.8125,677.97802734375,222.1875,711.7362670898438,244.6875,599.2088012695312,284.0625,599.2088012695312,351.5625,604.835205078125,419.0625,644.2197875976562,284.0625,638.5934448242188,351.5625,638.5934448242188,413.4375,-47.0,-10.0,68.0
2021-10-15 19:17:09.120,S4,R1,616.0879516601562,149.0625,616.0879516601562,182.8125,582.3297119140625,188.4375,542.945068359375,216.5625,503.5604553222656,233.4375,649.84619140625,182.8125,677.97802734375,205.3125,722.989013671875,233.4375,599.2088012695312,284.0625,599.2088012695312,351.5625,599.2088012695312,419.0625,638.5934448242188,284.0625,638.5934448242188,351.5625,638.5934448242188,413.4375,3.0,-8.0,41.0
2021-10-15 19:17:09.150,S4,R1,616.0879516601562,149.0625,616.0879516601562,182.8125,582.3297119140625,188.4375,537.3186645507812,210.9375,492.3077087402344,210.9375,649.84619140625,182.8125,683.6044311523438,205.3125,728.6154174804688,210.9375,599.2088012695312,284.0625,599.2088012695312,351.5625,599.2088012695312,419.0625,638.5934448242188,284.0625,638.5934448242188,351.5625,638.5934448242188,413.4375,37.0,11.0,-6.0
2021-10-15 19:17:09.180,S4,R1,616.0879516601562,149.0625,616.0879516601562,182.8125,582.3297119140625,188.4375,542.945068359375,194.0625,486.68133544921875,188.4375,649.84619140625,182.8125,689.2307739257812,194.0625,734.2417602539062,194.0625,599.2088012695312,284.0625,599.2088012695312,351.5625,604.835205078125,419.0625,638.5934448242188,284.0625,638.5934448242188,351.5625,638.5934448242188,413.4375,60.0,-22.0,-14.0
2021-10-15 19:17:09.210,S4,R1,616.0879516601562,149.0625,616.0879516601562,182.8125,582.3297119140625,182.8125,537.3186645507812,188.4375,492.3077087402344,171.5625,649.84619140625,182.8125,694.857177734375,177.1875,745.4945068359375,165.9375,599.2088012695312,284.0625,599.2088012695312,351.5625,604.835205078125,419.0625,638.5934448242188,284.0625,638.5934448242188,351.5625,638.5934448242188,413.4375,101.0,-30.0,-11.0
2021-10-15 19:17:09.240,S4,R1,616.0879516601562,149.0625,616.0879516601562,182.8125,576.7033081054688,182.8125,531.6923217773438,165.9375,492.3077087402344,149.0625,649.84619140625,177.1875,700.4835205078125,171.5625,734.2417602539062,143.4375,599.2088012695312,284.0625,599.2088012695312,351.5625,604.835205078125,419.0625,638.5934448242188,284.0625,638.5934448242188,351.5625,638.5934448242188,413.4375,114.0,-18.5,-37.5
2021-10-15 19:17:09.270,S4,R1,616.0879516601562,143.4375,616.0879516601562,182.8125,576.7033081054688,182.8125,537.3186645507812,160.3125,503.5604553222656,132.1875,649.84619140625,177.1875,694.857177734375,160.3125,722.989013671875,126.5625,599.2088012695312,284.0625,599.2088012695312,351.5625,604.835205078125,419.0625,638.5934448242188,284.0625,638.5934448242188,351.5625,638.5934448242188,413.4375,127.0,-7.0,-64.0
2021-10-15 19:17:09.300,S4,R1,616.0879516601562,143.4375,610.4615478515625,182.8125,576.7033081054688,182.8125,537.3186645507812,154.6875,509.18682861328125,109.6875,644.2197875976562,182.8125,694.857177734375,154.6875,706.1099243164062,104.0625,599.2088012695312,284.0625,599.2088012695312,351.5625,604.835205078125,419.0625,638.5934448242188,284.0625,638.5934448242188,351.5625,638.5934448242188,413.4375,97.0,22.0,-27.0
2021-10-15 19:17:09.330,S4,R1,610.4615478515625,143.4375,610.4615478515625,177.1875,576.7033081054688,177.1875,537.3186645507812,143.4375,526.06591796875,98.4375,644.2197875976562,177.1875,694.857177734375,149.0625,689.2307739257812,98.4375,599.2088012695312,284.0625,599.2088012695312,351.5625,599.2088012695312,419.0625,638.5934448242188,284.0625,638.5934448242188,351.5625,638.5934448242188,413.4375,59.0,3.0,-25.0
2021-10-15 19:17:09.360,S4,R1,610.4615478515625,143.4375,610.4615478515625,177.1875,576.7033081054688,182.8125,537.3186645507812,137.8125,537.3186645507812,92.8125,649.84619140625,177.1875,677.97802734375,143.4375,677.97802734375,92.8125,599.2088012695312,284.0625,599.2088012695312,351.5625,599.2088012695312,419.0625,638.5934448242188,278.4375,638.5934448242188,351.5625,638.5934448242188,413.4375,-54.0,-50.0,19.0
2021-10-15 19:17:09.390,S4,R1,610.4615478515625,143.4375,610.4615478515625,177.1875,582.3297119140625,177.1875,542.945068359375,137.8125,548.5714721679688,87.1875,649.84619140625,171.5625,677.97802734375,132.1875,666.7252807617188,92.8125,599.2088012695312,284.0625,599.2088012695312,351.5625,599.2088012695312,419.0625,638.5934448242188,284.0625,638.5934448242188,351.5625,638.5934448242188,413.4375,34.0,-2.0,18.0
2021-10-15 19:17:09.420,S4,R1,616.0879516601562,143.4375,610.4615478515625,177.1875,582.3297119140625,177.1875,548.5714721679688,132.1875,554.1978149414062,92.8125,649.84619140625,171.5625,677.97802734375,132.1875,666.7252807617188,87.1875,599.2088012695312,284.0625,599.2088012695312,351.5625,604.835205078125,419.0625,638.5934448242188,284.0625,638.5934448242188,351.5625,638.5934448242188,413.4375,78.0,12.0,-8.0
2021-10-15 19:17:09.450,S4,R1,616.0879516601562,143.4375,610.4615478515625,177.1875,582.3297119140625,177.1875,548.5714721679688,132.1875,554.1978149414062,92.8125,649.84619140625,171.5625,677.97802734375,132.1875,666.7252807617188,87.1875,599.2088012695312,284.0625,599.2088012695312,351.5625,604.835205078125,419.0625,638.5934448242188,284.0625,638.5934448242188,351.5625,638.5934448242188,413.4375,39.0,9.0,-7.0
2021-10-15 19:17:09.480,S4,R1,616.0879516601562,143.4375,610.4615478515625,177.1875,582.3297119140625,177.1875,548.5714721679688,137.8125,554.1978149414062,81.5625,649.84619140625,171.5625,672.3516845703125,132.1875,672.3516845703125,81.5625,599.2088012695312,284.0625,599.2088012695312,351.5625,604.835205078125,419.0625,638.5934448242188,284.0625,638.5934448242188,351.5625,638.5934448242188,413.4375,97.0,-37.0,-23.0
2021-10-15 19:17:09.510,S4,R1,616.0879516601562,143.4375,610.4615478515625,177.1875,582.3297119140625,177.1875,548.5714721679688,137.8125,542.945068359375,81.5625,649.84619140625,171.5625,677.97802734375,137.8125,683.6044311523438,81.5625,599.2088012695312,284.0625,599.2088012695312,351.5625,604.835205078125,419.0625,638.5934448242188,284.0625,638.5934448242188,351.5625,638.5934448242188,413.4375,127.0,23.0,11.0
2021-10-15 19:17:09.540,S4,R1,616.0879516601562,137.8125,610.4615478515625,177.1875,582.3297119140625,177.1875,542.945068359375,132.1875,531.6923217773438,87.1875,649.84619140625,177.1875,683.6044311523438,137.8125,694.857177734375,87.1875,599.2088012695312,284.0625,599.2088012695312,351.5625,604.835205078125,419.0625,638.5934448242188,284.0625,638.5934448242188,351.5625,638.5934448242188,413.4375,30.0,-9.0,-12.0
2021-10-15 19:17:09.570,S4,R1,616.0879516601562,137.8125,610.4615478515625,177.1875,582.3297119140625,177.1875,537.3186645507812,143.4375,514.8131713867188,98.4375,644.2197875976562,177.1875,689.2307739257812,149.0625,711.7362670898438,98.4375,599.2088012695312,284.0625,599.2088012695312,351.5625,599.2088012695312,419.0625,638.5934448242188,284.0625,638.5934448242188,351.5625,638.5934448242188,413.4375,-34.0,-47.0,-19.0
2021-10-15 19:17:09.600,S4,R1,616.0879516601562,143.4375,616.0879516601562,182.8125,582.3297119140625,177.1875,537.3186645507812,160.3125,503.5604553222656,120.9375,649.84619140625,177.1875,689.2307739257812,154.6875,722.989013671875,120.9375,599.2088012695312,284.0625,599.2088012695312,351.5625,604.835205078125,419.0625,638.5934448242188,284.0625,638.5934448242188,351.5625,638.5934448242188,413.4375,49.0,12.0,-23.0
2021-10-15 19:17:09.630,S4,R1,616.0879516601562,143.4375,616.0879516601562,182.8125,582.3297119140625,177.1875,537.3186645507812,165.9375,492.3077087402344,137.8125,649.84619140625,177.1875,700.4835205078125,165.9375,739.8681640625,126.5625,599.2088012695312,284.0625,599.2088012695312,351.5625,599.2088012695312,419.0625,638.5934448242188,284.0625,638.5934448242188,351.5625,638.5934448242188,413.4375,84.0,-5.0,-14.0
2021-10-15 19:17:09.660,S4,R1,616.0879516601562,146.25,2.8131868839263916,199.6875,36.57143020629883,205.3125,53.4505500793457,227.8125,489.49452209472656,160.3125,2.8131868839263916,205.3125,2.8131868839263916,227.8125,739.8681640625,160.3125,42.19780349731445,267.1875,47.82417678833008,312.1875,53.4505500793457,368.4375,2.8131868839263916,272.8125,2.8131868839263916,317.8125,36.57143020629883,368.4375,61.0,0.0,-18.0
2021-10-15 19:17:09.690,S4,R1,616.0879516601562,149.0625,616.0879516601562,182.8125,582.3297119140625,182.8125,537.3186645507812,194.0625,486.68133544921875,182.8125,649.84619140625,177.1875,689.2307739257812,194.0625,739.8681640625,194.0625,599.2088012695312,284.0625,599.2088012695312,351.5625,604.835205078125,419.0625,638.5934448242188,284.0625,638.5934448242188,351.5625,638.5934448242188,413.4375,119.0,-6.0,-14.0
2021-10-15 19:17:09.720,S4,R1,616.0879516601562,149.0625,616.0879516601562,182.8125,582.3297119140625,188.4375,542.945068359375,205.3125,492.3077087402344,210.9375,649.84619140625,182.8125,683.6044311523438,205.3125,728.6154174804688,210.9375,599.2088012695312,284.0625,599.2088012695312,351.5625,604.835205078125,419.0625,638.5934448242188,284.0625,638.5934448242188,351.5625,638.5934448242188,413.4375,97.0,-1.0,-19.0
2021-10-15 19:17:09.750,S4,R1,616.0879516601562,149.0625,616.0879516601562,182.8125,587.9560546875,188.4375,542.945068359375,216.5625,503.5604553222656,233.4375,649.84619140625,182.8125,677.97802734375,210.9375,717.3626708984375,244.6875,599.2088012695312,284.0625,599.2088012695312,351.5625,604.835205078125,419.0625,638.5934448242188,284.0625,638.5934448242188,351.5625,638.5934448242188,413.4375,28.0,-4.0,-27.0
2021-10-15 19:17:09.780,S4,R1,616.0879516601562,149.0625,616.0879516601562,182.8125,587.9560546875,188.4375,554.1978149414062,227.8125,514.8131713867188,255.9375,649.84619140625,182.8125,677.97802734375,222.1875,706.1099243164062,255.9375,599.2088012695312,284.0625,599.2088012695312,357.1875,604.835205078125,419.0625,644.2197875976562,284.0625,638.5934448242188,351.5625,638.5934448242188,413.4375,-16.0,-5.0,12.0
2021-10-15 19:17:09.810,S4,R1,616.0879516601562,149.0625,616.0879516601562,182.8125,587.9560546875,188.4375,559.82421875,233.4375,531.6923217773438,267.1875,649.84619140625,188.4375,666.7252807617188,227.8125,689.2307739257812,267.1875,599.2088012695312,284.0625,599.2088012695312,357.1875,604.835205078125,424.6875,638.5934448242188,284.0625,638.5934448242188,351.5625,638.5934448242188,413.4375,3.0,7.0,32.0
2021-10-15 19:17:09.840,S4,R1,616.0879516601562,149.0625,616.0879516601562,182.8125,582.3297119140625,188.4375,565.4505615234375,239.0625,554.1978149414062,284.0625,649.84619140625,188.4375,655.4725341796875,233.4375,666.7252807617188,278.4375,599.2088012695312,284.0625,599.2088012695312,357.1875,599.2088012695312,419.0625,638.5934448242188,284.0625,638.5934448242188,351.5625,638.5934448242188,413.4375,41.0,22.0,46.0
2021-10-15 19:17:09.870,S4,R1,616.0879516601562,149.0625,616.0879516601562,182.8125,587.9560546875,188.4375,571.0769653320312,244.6875,559.82421875,284.0625,649.84619140625,182.8125,661.0989379882812,233.4375,655.4725341796875,267.1875,599.2088012695312,284.0625,599.2088012695312,357.1875,599.2088012695312,419.0625,638.5934448242188,284.0625,638.5934448242188,351.5625,638.5934448242188,413.4375,127.0,28.0,88.0
2021-10-15 19:17:09.900,S4,R1,616.0879516601562,149.0625,616.0879516601562,182.8125,587.9560546875,188.4375,571.0769653320312,244.6875,565.4505615234375,284.0625,649.84619140625,182.8125,661.0989379882812,233.4375,655.4725341796875,267.1875,599.2088012695312,284.0625,599.2088012695312,357.1875,599.2088012695312,419.0625,638.5934448242188,284.0625,638.5934448242188,351.5625,638.5934448242188,413.4375,127.0,25.0,73.0
2021-10-15 19:17:09.930,S4,R1,616.0879516601562,149.0625,616.0879516601562,182.8125,587.9560546875,188.4375,565.4505615234375,244.6875,559.82421875,284.0625,649.84619140625,188.4375,655.4725341796875,233.4375,661.0989379882812,278.4375,599.2088012695312,284.0625,599.2088012695312,357.1875,599.2088012695312,424.6875,638.5934448242188,284.0625,638.5934448242188,357.1875,638.5934448242188,413.4375,127.0,12.0,60.0
2021-10-15 19:17:09.960,S4,R1,616.0879516601562,149.0625,616.0879516601562,182.8125,587.9560546875,188.4375,565.4505615234375,239.0625,548.5714721679688,284.0625,649.84619140625,188.4375,655.4725341796875,233.4375,666.7252807617188,272.8125,599.2088012695312,284.0625,599.2088012695312,357.1875,604.835205078125,424.6875,638.5934448242188,284.0625,638.5934448242188,351.5625,638.5934448242188,413.4375,127.0,81.0,35.0
2021-10-15 19:17:09.990,S4,R1,616.0879516601562,149.0625,616.0879516601562,182.8125,587.9560546875,188.4375,559.82421875,239.0625,537.3186645507812,272.8125,649.84619140625,188.4375,661.0989379882812,239.0625,689.2307739257812,267.1875,599.2088012695312,284.0625,599.2088012695312,357.1875,604.835205078125,424.6875,638.5934448242188,284.0625,638.5934448242188,351.5625,638.5934448242188,413.4375,127.0,91.0,28.5
2021-10-15 19:17:10.020,S4,R1,616.0879516601562,149.0625,616.0879516601562,182.8125,587.9560546875,188.4375,559.82421875,233.4375,531.6923217773438,272.8125,649.84619140625,188.4375,666.7252807617188,227.8125,694.857177734375,261.5625,599.2088012695312,284.0625,599.2088012695312,357.1875,604.835205078125,419.0625,638.5934448242188,284.0625,638.5934448242188,351.5625,638.5934448242188,413.4375,127.0,101.0,22.0
2021-10-15 19:17:10.050,S4,R1,616.0879516601562,149.0625,616.0879516601562,182.8125,587.9560546875,188.4375,559.82421875,233.4375,526.06591796875,267.1875,649.84619140625,182.8125,672.3516845703125,227.8125,706.1099243164062,255.9375,599.2088012695312,284.0625,599.2088012695312,351.5625,604.835205078125,419.0625,644.2197875976562,284.0625,638.5934448242188,351.5625,638.5934448242188,413.4375,66.0,94.0,24.0
2021-10-15 19:17:10.080,S4,R1,616.0879516601562,149.0625,616.0879516601562,188.4375,587.9560546875,188.4375,559.82421875,233.4375,520.4395751953125,267.1875,649.84619140625,188.4375,672.3516845703125,227.8125,711.7362670898438,255.9375,599.2088012695312,284.0625,599.2088012695312,357.1875,604.835205078125,419.0625,644.2197875976562,284.0625,644.2197875976562,357.1875,638.5934448242188,419.0625,54.0,79.0,19.0
2021-10-15 19:17:10.110,S4,R1,616.0879516601562,149.0625,616.0879516601562,188.4375,587.9560546875,194.0625,559.82421875,233.4375,520.4395751953125,267.1875,649.84619140625,188.4375,672.3516845703125,227.8125,711.7362670898438,255.9375,599.2088012695312,284.0625,599.2088012695312,357.1875,599.2088012695312,419.0625,644.2197875976562,284.0625,644.2197875976562,357.1875,638.5934448242188,413.4375,62.0,69.0,11.0
2021-10-15 19:17:10.140,S4,R1,616.0879516601562,154.6875,616.0879516601562,188.4375,587.9560546875,194.0625,565.4505615234375,239.0625,526.06591796875,267.1875,649.84619140625,188.4375,672.3516845703125,233.4375,706.1099243164062,255.9375,599.2088012695312,289.6875,599.2088012695312,357.1875,599.2088012695312,424.6875,644.2197875976562,289.6875,649.84619140625,357.1875,638.5934448242188,419.0625,53.0,81.0,4.0
2021-10-15 19:17:10.170,S4,R1,616.0879516601562,160.3125,616.0879516601562,199.6875,587.9560546875,199.6875,565.4505615234375,244.6875,531.6923217773438,272.8125,649.84619140625,194.0625,666.7252807617188,244.6875,706.1099243164062,255.9375,599.2088012695312,289.6875,599.2088012695312,357.1875,599.2088012695312,424.6875,644.2197875976562,289.6875,649.84619140625,357.1875,638.5934448242188,419.0625,39.0,92.0,7.0
2021-10-15 19:17:10.200,S4,R1,616.0879516601562,165.9375,616.0879516601562,205.3125,587.9560546875,210.9375,565.4505615234375,250.3125,537.3186645507812,278.4375,649.84619140625,199.6875,661.0989379882812,250.3125,694.857177734375,261.5625,599.2088012695312,295.3125,599.2088012695312,362.8125,599.2088012695312,424.6875,638.5934448242188,300.9375,649.84619140625,357.1875,638.5934448242188,413.4375,-29.0,125.0,11.0
2021-10-15 19:17:10.230,S4,R1,621.7142944335938,177.1875,616.0879516601562,210.9375,587.9560546875,210.9375,565.4505615234375,255.9375,548.5714721679688,284.0625,649.84619140625,210.9375,661.0989379882812,261.5625,689.2307739257812,267.1875,599.2088012695312,300.9375,599.2088012695312,368.4375,599.2088012695312,430.3125,638.5934448242188,300.9375,649.84619140625,362.8125,638.5934448242188,419.0625,-128.0,-9.0,-72.0
2021-10-15 19:17:10.260,S4,R1,621.7142944335938,182.8125,621.7142944335938,222.1875,587.9560546875,216.5625,576.7033081054688,261.5625,554.1978149414062,278.4375,649.84619140625,216.5625,661.0989379882812,267.1875,689.2307739257812,267.1875,599.2088012695312,306.5625,599.2088012695312,368.4375,604.835205078125,430.3125,638.5934448242188,306.5625,649.84619140625,368.4375,638.5934448242188,419.0625,-128.0,-55.0,-46.0
2021-10-15 19:17:10.290,S4,R1,621.7142944335938,182.8125,621.7142944335938,222.1875,587.9560546875,216.5625,571.0769653320312,267.1875,559.82421875,278.4375,649.84619140625,216.5625,666.7252807617188,267.1875,677.97802734375,250.3125,599.2088012695312,306.5625,599.2088012695312,368.4375,604.835205078125,430.3125,644.2197875976562,306.5625,649.84619140625,368.4375,638.5934448242188,419.0625,-128.0,32.0,-28.0
2021-10-15 19:17:10.320,S4,R1,621.7142944335938,177.1875,621.7142944335938,216.5625,587.9560546875,216.5625,565.4505615234375,255.9375,571.0769653320312,272.8125,649.84619140625,216.5625,677.97802734375,250.3125,677.97802734375,216.5625,599.2088012695312,306.5625,599.2088012695312,368.4375,604.835205078125,424.6875,644.2197875976562,306.5625,649.84619140625,368.4375,638.5934448242188,419.0625,-128.0,2.0,-36.0
2021-10-15 19:17:10.350,S4,R1,621.7142944335938,165.9375,621.7142944335938,205.3125,587.9560546875,205.3125,559.82421875,244.6875,565.4505615234375,250.3125,649.84619140625,205.3125,683.6044311523438,244.6875,677.97802734375,205.3125,599.2088012695312,300.9375,599.2088012695312,368.4375,604.835205078125,430.3125,638.5934448242188,295.3125,649.84619140625,368.4375,638.5934448242188,419.0625,-128.0,22.0,-28.0
2021-10-15 19:17:10.380,S4,R1,621.7142944335938,154.6875,621.7142944335938,199.6875,587.9560546875,194.0625,554.1978149414062,227.8125,559.82421875,239.0625,649.84619140625,199.6875,677.97802734375,233.4375,677.97802734375,194.0625,599.2088012695312,289.6875,599.2088012695312,357.1875,599.2088012695312,424.6875,638.5934448242188,289.6875,644.2197875976562,362.8125,638.5934448242188,424.6875,-96.0,29.0,-22.0
2021-10-15 19:17:10.410,S4,R1,621.7142944335938,143.4375,621.7142944335938,182.8125,587.9560546875,177.1875,548.5714721679688,222.1875,571.0769653320312,199.6875,649.84619140625,182.8125,694.857177734375,216.5625,677.97802734375,182.8125,599.2088012695312,284.0625,599.2088012695312,351.5625,599.2088012695312,424.6875,644.2197875976562,284.0625,644.2197875976562,357.1875,638.5934448242188,419.0625,-68.0,33.0,-14.0
2021-10-15 19:17:10.440,S4,R1,621.7142944335938,126.5625,621.7142944335938,160.3125,587.9560546875,165.9375,554.1978149414062,205.3125,571.0769653320312,188.4375,649.84619140625,165.9375,694.857177734375,199.6875,672.3516845703125,177.1875,599.2088012695312,272.8125,599.2088012695312,345.9375,599.2088012695312,413.4375,638.5934448242188,272.8125,644.2197875976562,345.9375,644.2197875976562,419.0625,-27.0,58.0,-7.0
2021-10-15 19:17:10.470,S4,R1,621.7142944335938,120.9375,621.7142944335938,154.6875,587.9560546875,154.6875,554.1978149414062,205.3125,571.0769653320312,188.4375,649.84619140625,154.6875,694.857177734375,194.0625,672.3516845703125,171.5625,599.2088012695312,255.9375,593.5824584960938,334.6875,593.5824584960938,413.4375,638.5934448242188,261.5625,644.2197875976562,334.6875,644.2197875976562,413.4375,-1.0,72.0,-8.0
2021-10-15 19:17:10.500,S4,R1,616.0879516601562,104.0625,616.0879516601562,149.0625,587.9560546875,149.0625,559.82421875,199.6875,587.9560546875,188.4375,649.84619140625,149.0625,689.2307739257812,194.0625,666.7252807617188,171.5625,593.5824584960938,250.3125,593.5824584960938,323.4375,593.5824584960938,396.5625,638.5934448242188,250.3125,644.2197875976562,323.4375,649.84619140625,390.9375,-2.0,81.0,-15.0
2021-10-15 19:17:10.530,S4,R1,621.7142944335938,104.0625,616.0879516601562,137.8125,582.3297119140625,143.4375,554.1978149414062,194.0625,587.9560546875,188.4375,649.84619140625,143.4375,677.97802734375,188.4375,661.0989379882812,165.9375,593.5824584960938,239.0625,587.9560546875,312.1875,593.5824584960938,385.3125,638.5934448242188,239.0625,649.84619140625,312.1875,649.84619140625,379.6875,22.0,127.0,-24.0
2021-10-15 19:17:10.560,S4,R1,621.7142944335938,98.4375,616.0879516601562,137.8125,582.3297119140625,143.4375,559.82421875,194.0625,587.9560546875,188.4375,649.84619140625,143.4375,677.97802734375,188.4375,666.7252807617188,171.5625,593.5824584960938,233.4375,582.3297119140625,306.5625,593.5824584960938,379.6875,638.5934448242188,233.4375,649.84619140625,300.9375,649.84619140625,368.4375,36.0,127.0,-24.0
2021-10-15 19:17:10.590,S4,R1,616.0879516601562,98.4375,610.4615478515625,143.4375,582.3297119140625,143.4375,559.82421875,194.0625,593.5824584960938,188.4375,649.84619140625,143.4375,672.3516845703125,188.4375,655.4725341796875,171.5625,593.5824584960938,233.4375,582.3297119140625,306.5625,593.5824584960938,374.0625,638.5934448242188,233.4375,655.4725341796875,295.3125,649.84619140625,357.1875,32.0,127.0,-40.0
2021-10-15 19:17:10.620,S4,R1,616.0879516601562,98.4375,610.4615478515625,143.4375,582.3297119140625,143.4375,554.1978149414062,199.6875,593.5824584960938,194.0625,649.84619140625,143.4375,672.3516845703125,188.4375,649.84619140625,177.1875,593.5824584960938,233.4375,582.3297119140625,306.5625,593.5824584960938,374.0625,638.5934448242188,233.4375,655.4725341796875,300.9375,655.4725341796875,357.1875,72.0,127.0,-4.0
2021-10-15 19:17:10.650,S4,R1,616.0879516601562,98.4375,610.4615478515625,149.0625,582.3297119140625,149.0625,559.82421875,199.6875,587.9560546875,205.3125,649.84619140625,143.4375,661.0989379882812,194.0625,649.84619140625,191.25,593.5824584960938,239.0625,576.7033081054688,306.5625,593.5824584960938,374.0625,638.5934448242188,239.0625,655.4725341796875,300.9375,655.4725341796875,362.8125,71.0,127.0,-6.0
2021-10-15 19:17:10.680,S4,R1,616.0879516601562,109.6875,610.4615478515625,154.6875,576.7033081054688,154.6875,559.82421875,205.3125,587.9560546875,210.9375,649.84619140625,149.0625,666.7252807617188,199.6875,649.84619140625,205.3125,593.5824584960938,244.6875,582.3297119140625,312.1875,587.9560546875,385.3125,638.5934448242188,244.6875,655.4725341796875,306.5625,655.4725341796875,374.0625,102.0,127.0,22.0
2021-10-15 19:17:10.710,S4,R1,616.0879516601562,120.9375,610.4615478515625,160.3125,576.7033081054688,160.3125,565.4505615234375,210.9375,593.5824584960938,216.5625,649.84619140625,160.3125,666.7252807617188,205.3125,655.4725341796875,205.3125,593.5824584960938,255.9375,582.3297119140625,323.4375,587.9560546875,390.9375,638.5934448242188,255.9375,649.84619140625,317.8125,655.4725341796875,390.9375,123.0,127.0,65.0
2021-10-15 19:17:10.740,S4,R1,616.0879516601562,126.5625,610.4615478515625,165.9375,582.3297119140625,171.5625,565.4505615234375,222.1875,587.9560546875,239.0625,649.84619140625,165.9375,666.7252807617188,210.9375,661.0989379882812,227.8125,599.2088012695312,267.1875,587.9560546875,340.3125,582.3297119140625,413.4375,638.5934448242188,267.1875,649.84619140625,334.6875,649.84619140625,407.8125,125.0,127.0,94.5
2021-10-15 19:17:10.770,S4,R1,616.0879516601562,143.4375,610.4615478515625,182.8125,576.7033081054688,182.8125,565.4505615234375,227.8125,576.7033081054688,250.3125,649.84619140625,177.1875,666.7252807617188,227.8125,655.4725341796875,239.0625,593.5824584960938,278.4375,593.5824584960938,351.5625,582.3297119140625,424.6875,638.5934448242188,272.8125,649.84619140625,345.9375,649.84619140625,413.4375,127.0,127.0,124.0
2021-10-15 19:17:10.800,S4,R1,616.0879516601562,154.6875,610.4615478515625,194.0625,576.7033081054688,199.6875,565.4505615234375,244.6875,582.3297119140625,250.3125,649.84619140625,188.4375,666.7252807617188,239.0625,655.4725341796875,244.6875,599.2088012695312,289.6875,593.5824584960938,357.1875,587.9560546875,424.6875,638.5934448242188,289.6875,649.84619140625,357.1875,644.2197875976562,419.0625,127.0,116.0,127.0
2021-10-15 19:17:10.830,S4,R1,610.4615478515625,165.9375,610.4615478515625,205.3125,582.3297119140625,210.9375,565.4505615234375,255.9375,576.7033081054688,255.9375,644.2197875976562,205.3125,666.7252807617188,250.3125,649.84619140625,244.6875,599.2088012695312,300.9375,593.5824584960938,362.8125,587.9560546875,430.3125,638.5934448242188,300.9375,649.84619140625,362.8125,644.2197875976562,424.6875,127.0,78.0,90.0
2021-10-15 19:17:10.860,S4,R1,616.0879516601562,182.8125,610.4615478515625,216.5625,582.3297119140625,222.1875,565.4505615234375,272.8125,587.9560546875,261.5625,644.2197875976562,210.9375,666.7252807617188,255.9375,649.84619140625,244.6875,599.2088012695312,306.5625,593.5824584960938,368.4375,587.9560546875,430.3125,638.5934448242188,300.9375,649.84619140625,368.4375,644.2197875976562,424.6875,127.0,102.0,65.0
2021-10-15 19:17:10.890,S4,R1,616.0879516601562,177.1875,610.4615478515625,216.5625,582.3297119140625,222.1875,565.4505615234375,272.8125,587.9560546875,261.5625,644.2197875976562,210.9375,666.7252807617188,250.3125,644.2197875976562,244.6875,599.2088012695312,306.5625,593.5824584960938,368.4375,587.9560546875,430.3125,638.5934448242188,300.9375,644.2197875976562,368.4375,644.2197875976562,424.6875,127.0,127.0,41.0
2021-10-15 19:17:10.920,S4,R1,621.7142944335938,177.1875,610.4615478515625,210.9375,582.3297119140625,216.5625,565.4505615234375,267.1875,593.5824584960938,261.5625,644.2197875976562,210.9375,661.0989379882812,255.9375,644.2197875976562,250.3125,599.2088012695312,300.9375,593.5824584960938,368.4375,587.9560546875,430.3125,638.5934448242188,300.9375,644.2197875976562,368.4375,644.2197875976562,424.6875,109.0,127.0,16.0
2021-10-15 19:17:10.950,S4,R1,621.7142944335938,165.9375,610.4615478515625,205.3125,582.3297119140625,210.9375,565.4505615234375,250.3125,587.9560546875,267.1875,644.2197875976562,205.3125,661.0989379882812,250.3125,649.84619140625,261.5625,593.5824584960938,295.3125,593.5824584960938,362.8125,587.9560546875,430.3125,638.5934448242188,295.3125,644.2197875976562,362.8125,644.2197875976562,424.6875,83.0,127.0,1.0
2021-10-15 19:17:10.980,S4,R1,627.3406982421875,165.9375,610.4615478515625,199.6875,582.3297119140625,199.6875,565.4505615234375,250.3125,593.5824584960938,250.3125,644.2197875976562,199.6875,661.0989379882812,244.6875,649.84619140625,250.3125,599.2088012695312,295.3125,593.5824584960938,357.1875,587.9560546875,430.3125,638.5934448242188,295.3125,644.2197875976562,362.8125,644.2197875976562,424.6875,86.0,127.0,6.0
2021-10-15 19:17:11.010,S4,R1,627.3406982421875,160.3125,610.4615478515625,199.6875,582.3297119140625,199.6875,559.82421875,244.6875,593.5824584960938,244.6875,649.84619140625,194.0625,666.7252807617188,239.0625,655.4725341796875,244.6875,599.2088012695312,295.3125,593.5824584960938,357.1875,587.9560546875,430.3125,638.5934448242188,289.6875,644.2197875976562,357.1875,644.2197875976562,424.6875,79.0,127.0,8.0
2021-10-15 19:17:11.040,S4,R1,627.3406982421875,154.6875,610.4615478515625,194.0625,582.3297119140625,194.0625,559.82421875,244.6875,587.9560546875,244.6875,644.2197875976562,194.0625,661.0989379882812,239.0625,649.84619140625,244.6875,593.5824584960938,295.3125,593.5824584960938,357.1875,587.9560546875,430.3125,638.5934448242188,289.6875,644.2197875976562,357.1875,644.2197875976562,419.0625,42.0,127.0,-3.0
2021-10-15 19:17:11.070,S4,R1,627.3406982421875,154.6875,610.4615478515625,194.0625,582.3297119140625,194.0625,559.82421875,244.6875,587.9560546875,244.6875,649.84619140625,194.0625,661.0989379882812,239.0625,644.2197875976562,250.3125,599.2088012695312,295.3125,593.5824584960938,357.1875,587.9560546875,424.6875,638.5934448242188,289.6875,644.2197875976562,357.1875,644.2197875976562,419.0625,47.0,122.0,-4.0
2021-10-15 19:17:11.100,S4,R1,627.3406982421875,154.6875,610.4615478515625,194.0625,587.9560546875,194.0625,559.82421875,244.6875,593.5824584960938,244.6875,649.84619140625,194.0625,661.0989379882812,244.6875,649.84619140625,250.3125,599.2088012695312,289.6875,593.5824584960938,357.1875,587.9560546875,424.6875,638.5934448242188,289.6875,644.2197875976562,357.1875,644.2197875976562,424.6875,39.0,113.0,-1.0
2021-10-15 19:17:11.130,S4,R1,632.967041015625,154.6875,610.4615478515625,194.0625,587.9560546875,194.0625,554.1978149414062,244.6875,593.5824584960938,250.3125,649.84619140625,194.0625,661.0989379882812,239.0625,655.4725341796875,250.3125,599.2088012695312,289.6875,599.2088012695312,357.1875,587.9560546875,424.6875,638.5934448242188,289.6875,644.2197875976562,357.1875,644.2197875976562,424.6875,23.0,88.0,-8.0
2021-10-15 19:17:11.160,S4,R1,638.5934448242188,160.3125,616.0879516601562,199.6875,587.9560546875,194.0625,559.82421875,244.6875,599.2088012695312,250.3125,649.84619140625,199.6875,661.0989379882812,244.6875,649.84619140625,250.3125,599.2088012695312,295.3125,599.2088012695312,362.8125,587.9560546875,430.3125,638.5934448242188,289.6875,644.2197875976562,357.1875,644.2197875976562,424.6875,39.0,86.0,-9.0
2021-10-15 19:17:11.190,S4,R1,638.5934448242188,160.3125,616.0879516601562,199.6875,593.5824584960938,194.0625,565.4505615234375,244.6875,604.835205078125,255.9375,644.2197875976562,199.6875,649.84619140625,244.6875,661.0989379882812,250.3125,599.2088012695312,295.3125,599.2088012695312,362.8125,587.9560546875,430.3125,638.5934448242188,295.3125,644.2197875976562,357.1875,644.2197875976562,424.6875,25.0,92.0,-15.0
2021-10-15 19:17:11.220,S4,R1,638.5934448242188,160.3125,616.0879516601562,199.6875,593.5824584960938,199.6875,571.0769653320312,244.6875,616.0879516601562,261.5625,638.5934448242188,199.6875,649.84619140625,244.6875,661.0989379882812,250.3125,599.2088012695312,295.3125,599.2088012695312,362.8125,587.9560546875,430.3125,632.967041015625,295.3125,644.2197875976562,357.1875,644.2197875976562,424.6875,-6.0,100.0,-21.0
2021-10-15 19:17:11.250,S4,R1,638.5934448242188,160.3125,610.4615478515625,199.6875,593.5824584960938,199.6875,576.7033081054688,244.6875,621.7142944335938,267.1875,632.967041015625,199.6875,638.5934448242188,250.3125,655.4725341796875,255.9375,599.2088012695312,295.3125,599.2088012695312,362.8125,587.9560546875,430.3125,632.967041015625,295.3125,638.5934448242188,362.8125,644.2197875976562,424.6875,-61.0,110.0,-40.0
2021-10-15 19:17:11.280,S4,R1,638.5934448242188,160.3125,610.4615478515625,199.6875,599.2088012695312,199.6875,582.3297119140625,250.3125,627.3406982421875,267.1875,632.967041015625,199.6875,644.2197875976562,244.6875,655.4725341796875,255.9375,599.2088012695312,295.3125,599.2088012695312,362.8125,587.9560546875,430.3125,627.3406982421875,295.3125,638.5934448242188,362.8125,644.2197875976562,424.6875,-128.0,-10.0,-79.0
2021-10-15 19:17:11.310,S4,R1,638.5934448242188,160.3125,610.4615478515625,199.6875,599.2088012695312,199.6875,587.9560546875,250.3125,638.5934448242188,267.1875,627.3406982421875,199.6875,632.967041015625,250.3125,655.4725341796875,255.9375,599.2088012695312,295.3125,599.2088012695312,362.8125,582.3297119140625,430.3125,621.7142944335938,300.9375,638.5934448242188,362.8125,644.2197875976562,424.6875,-128.0,-46.0,-75.0
2021-10-15 19:17:11.340,S4,R1,638.5934448242188,160.3125,610.4615478515625,199.6875,604.835205078125,194.0625,593.5824584960938,250.3125,644.2197875976562,267.1875,627.3406982421875,199.6875,627.3406982421875,255.9375,655.4725341796875,261.5625,599.2088012695312,295.3125,599.2088012695312,362.8125,576.7033081054688,430.3125,621.7142944335938,300.9375,638.5934448242188,362.8125,644.2197875976562,424.6875,-128.0,-2.0,-68.0
2021-10-15 19:17:11.370,S4,R1,638.5934448242188,160.3125,610.4615478515625,199.6875,599.2088012695312,199.6875,593.5824584960938,250.3125,644.2197875976562,267.1875,627.3406982421875,199.6875,632.967041015625,255.9375,655.4725341796875,261.5625,599.2088012695312,295.3125,599.2088012695312,362.8125,576.7033081054688,430.3125,621.7142944335938,300.9375,638.5934448242188,362.8125,644.2197875976562,424.6875,-121.0,18.0,-41.0
2021-10-15 19:17:11.400,S4,R1,756.7472534179688,250.3125,751.1209106445312,255.9375,745.4945068359375,250.3125,734.2417602539062,261.5625,745.4945068359375,267.1875,762.3736572265625,255.9375,756.7472534179688,261.5625,654.0659484863281,262.96875,745.4945068359375,267.1875,751.1209106445312,272.8125,751.1209106445312,284.0625,751.1209106445312,267.1875,756.7472534179688,272.8125,762.3736572265625,284.0625,-81.0,24.0,-33.0
2021-10-15 19:17:11.430,S4,R1,751.1209106445312,250.3125,751.1209106445312,255.9375,739.8681640625,255.9375,734.2417602539062,261.5625,745.4945068359375,272.8125,756.7472534179688,255.9375,756.7472534179688,261.5625,652.6593627929688,264.375,739.8681640625,272.8125,700.4835408528646,304.6875,691.1062622070312,332.8125,751.1209106445312,267.1875,756.7472534179688,278.4375,762.3736572265625,284.0625,-52.0,24.0,-15.0
2021-10-15 19:17:11.460,S4,R1,756.7472534179688,244.6875,751.1209106445312,250.3125,739.8681640625,250.3125,734.2417602539062,261.5625,745.4945068359375,272.8125,756.7472534179688,255.9375,756.7472534179688,261.5625,651.2527770996094,265.78125,739.8681640625,272.8125,649.8461710611979,336.5625,631.0916137695312,381.5625,751.1209106445312,272.8125,756.7472534179688,278.4375,756.7472534179688,284.0625,-9.0,27.0,7.0
2021-10-15 19:17:11.490,S4,R1,644.2197875976562,165.9375,610.4615478515625,199.6875,616.0879516601562,199.6875,610.4615478515625,250.3125,649.84619140625,261.5625,604.835205078125,194.0625,627.3406982421875,250.3125,649.84619140625,267.1875,599.2088012695312,295.3125,599.2088012695312,368.4375,571.0769653320312,430.3125,610.4615478515625,295.3125,638.5934448242188,357.1875,644.2197875976562,424.6875,-7.0,27.0,1.0
2021-10-15 19:17:11.520,S4,R1,751.1209106445312,244.6875,751.1209106445312,250.3125,745.4945068359375,250.3125,734.2417602539062,261.5625,751.1209106445312,272.8125,756.7472534179688,255.9375,756.7472534179688,261.5625,653.2220092773438,267.1875,739.8681640625,267.1875,649.8461710611979,336.5625,632.9670613606771,385.3125,751.1209106445312,272.8125,756.7472534179688,278.4375,762.3736572265625,289.6875,-5.0,27.0,-5.0
2021-10-15 19:17:11.550,S4,R1,756.7472534179688,250.3125,751.1209106445312,250.3125,745.4945068359375,250.3125,734.2417602539062,261.5625,745.4945068359375,272.8125,756.7472534179688,255.9375,756.7472534179688,261.5625,656.5978271484375,267.1875,739.8681640625,267.1875,700.4835408528646,304.6875,694.8571573893229,340.3125,751.1209106445312,272.8125,756.7472534179688,278.4375,756.7472534179688,284.0625,7.0,35.0,-7.0
2021-10-15 19:17:11.580,S4,R1,751.1209106445312,250.3125,751.1209106445312,255.9375,739.8681640625,250.3125,734.2417602539062,261.5625,751.1209106445312,272.8125,756.7472534179688,255.9375,756.7472534179688,261.5625,659.9736450195312,267.1875,739.8681640625,267.1875,751.1209106445312,272.8125,756.7472534179688,295.3125,751.1209106445312,272.8125,762.3736572265625,278.4375,762.3736572265625,284.0625,25.0,70.0,0.0
2021-10-15 19:17:11.610,S4,R1,751.1209106445312,244.6875,751.1209106445312,250.3125,739.8681640625,250.3125,734.2417602539062,261.5625,751.1209106445312,272.8125,756.7472534179688,255.9375,756.7472534179688,261.5625,663.349462890625,267.1875,739.8681640625,272.8125,677.9780578613281,320.625,666.7252807617188,360.0,745.4945068359375,272.8125,762.3736572265625,278.4375,768.0,289.6875,30.0,77.0,4.0
2021-10-15 19:17:11.640,S4,R1,655.4725341796875,171.5625,621.7142944335938,205.3125,632.967041015625,199.6875,627.3406982421875,250.3125,655.4725341796875,272.8125,610.4615478515625,194.0625,621.7142944335938,255.9375,666.7252807617188,267.1875,616.0879516601562,295.3125,604.835205078125,368.4375,576.7033081054688,424.6875,610.4615478515625,289.6875,649.84619140625,357.1875,644.2197875976562,424.6875,29.0,84.0,-18.0
2021-10-15 19:17:11.670,S4,R1,661.0989379882812,171.5625,627.3406982421875,199.6875,638.5934448242188,199.6875,632.967041015625,255.9375,661.0989379882812,272.8125,616.0879516601562,199.6875,632.967041015625,255.9375,672.3516845703125,272.8125,616.0879516601562,295.3125,610.4615478515625,368.4375,576.7033081054688,424.6875,610.4615478515625,289.6875,644.2197875976562,362.8125,649.84619140625,424.6875,46.0,127.0,-3.0
2021-10-15 19:17:11.700,S4,R1,661.0989379882812,171.5625,627.3406982421875,205.3125,638.5934448242188,205.3125,632.967041015625,255.9375,661.0989379882812,272.8125,621.7142944335938,199.6875,632.967041015625,255.9375,677.97802734375,272.8125,621.7142944335938,295.3125,616.0879516601562,362.8125,576.7033081054688,424.6875,616.0879516601562,295.3125,649.84619140625,357.1875,655.4725341796875,424.6875,59.0,127.0,-1.0
2021-10-15 19:17:11.730,S4,R1,661.0989379882812,171.5625,627.3406982421875,199.6875,638.5934448242188,205.3125,632.967041015625,250.3125,661.0989379882812,272.8125,621.7142944335938,199.6875,638.5934448242188,255.9375,683.6044311523438,278.4375,621.7142944335938,295.3125,621.7142944335938,362.8125,576.7033081054688,419.0625,627.3406982421875,295.3125,655.4725341796875,357.1875,649.84619140625,424.6875,34.0,127.0,-20.0
2021-10-15 19:17:11.760,S4,R1,751.1209106445312,250.3125,751.1209106445312,255.9375,739.8681640625,255.9375,734.2417602539062,267.1875,751.1209106445312,272.8125,756.7472534179688,255.9375,756.7472534179688,261.5625,680.7912292480469,275.625,739.8681640625,278.4375,630.1538696289062,362.8125,579.5165100097656,419.0625,751.1209106445312,272.8125,768.0,278.4375,768.0,289.6875,110.0,127.0,19.0
2021-10-15 19:17:11.790,S4,R1,666.7252807617188,171.5625,632.967041015625,199.6875,644.2197875976562,199.6875,638.5934448242188,250.3125,672.3516845703125,267.1875,627.3406982421875,194.0625,638.5934448242188,255.9375,677.97802734375,272.8125,627.3406982421875,295.3125,638.5934448242188,362.8125,582.3297119140625,419.0625,627.3406982421875,295.3125,649.84619140625,362.8125,644.2197875976562,430.3125,80.0,127.0,14.0
2021-10-15 19:17:11.820,S4,R1,756.7472534179688,244.6875,751.1209106445312,250.3125,739.8681640625,255.9375,734.2417602539062,267.1875,745.4945068359375,272.8125,762.3736572265625,255.9375,756.7472534179688,261.5625,683.6044006347656,270.0,739.8681640625,278.4375,641.4066162109375,360.0,590.7692565917969,416.25,756.7472534179688,272.8125,768.0,278.4375,773.6264038085938,295.3125,104.0,127.0,37.0
2021-10-15 19:17:11.850,S4,R1,672.3516845703125,171.5625,644.2197875976562,199.6875,649.84619140625,199.6875,638.5934448242188,250.3125,677.97802734375,267.1875,627.3406982421875,194.0625,638.5934448242188,255.9375,689.2307739257812,267.1875,632.967041015625,295.3125,644.2197875976562,357.1875,599.2088012695312,413.4375,632.967041015625,289.6875,649.84619140625,362.8125,644.2197875976562,424.6875,127.0,127.0,90.0
2021-10-15 19:17:11.880,S4,R1,756.7472534179688,244.6875,751.1209106445312,250.3125,745.4945068359375,250.3125,734.2417602539062,261.5625,751.1209106445312,267.1875,756.7472534179688,250.3125,756.7472534179688,261.5625,689.2307739257812,258.75,739.8681640625,272.8125,647.0329895019531,357.1875,610.4615478515625,419.0625,751.1209106445312,267.1875,762.3736572265625,278.4375,768.0,284.0625,127.0,127.0,127.0
2021-10-15 19:17:11.910,S4,R1,683.6044311523438,165.9375,649.84619140625,194.0625,655.4725341796875,194.0625,649.84619140625,250.3125,677.97802734375,261.5625,644.2197875976562,188.4375,655.4725341796875,239.0625,689.2307739257812,250.3125,638.5934448242188,289.6875,649.84619140625,357.1875,621.7142944335938,424.6875,632.967041015625,289.6875,655.4725341796875,362.8125,644.2197875976562,413.4375,127.0,94.0,127.0
2021-10-15 19:17:11.940,S4,R1,683.6044311523438,165.9375,649.84619140625,194.0625,655.4725341796875,194.0625,649.84619140625,244.6875,683.6044311523438,261.5625,638.5934448242188,194.0625,655.4725341796875,239.0625,689.2307739257812,250.3125,638.5934448242188,289.6875,649.84619140625,362.8125,621.7142944335938,424.6875,627.3406982421875,289.6875,649.84619140625,357.1875,644.2197875976562,413.4375,127.0,88.0,115.0
2021-10-15 19:17:11.970,S4,R1,683.6044311523438,165.9375,649.84619140625,194.0625,661.0989379882812,194.0625,655.4725341796875,239.0625,683.6044311523438,267.1875,644.2197875976562,188.4375,661.0989379882812,233.4375,689.2307739257812,250.3125,638.5934448242188,289.6875,655.4725341796875,357.1875,627.3406982421875,424.6875,627.3406982421875,284.0625,649.84619140625,357.1875,644.2197875976562,413.4375,126.0,100.0,32.0
2021-10-15 19:17:12.000,S4,R1,689.2307739257812,171.5625,649.84619140625,188.4375,666.7252807617188,188.4375,649.84619140625,239.0625,683.6044311523438,267.1875,644.2197875976562,188.4375,655.4725341796875,233.4375,689.2307739257812,255.9375,638.5934448242188,289.6875,655.4725341796875,357.1875,632.967041015625,424.6875,627.3406982421875,284.0625,649.84619140625,357.1875,644.2197875976562,413.4375,127.0,126.0,25.0
2021-10-15 19:17:12.030,S4,R1,694.857177734375,177.1875,655.4725341796875,194.0625,672.3516845703125,194.0625,661.0989379882812,244.6875,689.2307739257812,272.8125,644.2197875976562,188.4375,655.4725341796875,239.0625,694.857177734375,261.5625,644.2197875976562,289.6875,655.4725341796875,357.1875,638.5934448242188,430.3125,627.3406982421875,284.0625,655.4725341796875,357.1875,644.2197875976562,413.4375,122.0,127.0,16.0
2021-10-15 19:17:12.060,S4,R1,700.4835205078125,177.1875,661.0989379882812,194.0625,672.3516845703125,194.0625,661.0989379882812,244.6875,683.6044311523438,278.4375,649.84619140625,194.0625,655.4725341796875,239.0625,706.1099243164062,272.8125,644.2197875976562,295.3125,655.4725341796875,362.8125,632.967041015625,424.6875,627.3406982421875,284.0625,655.4725341796875,362.8125,644.2197875976562,413.4375,95.0,127.0,-9.0
2021-10-15 19:17:12.090,S4,R1,706.1099243164062,177.1875,672.3516845703125,199.6875,677.97802734375,199.6875,661.0989379882812,244.6875,689.2307739257812,272.8125,661.0989379882812,194.0625,661.0989379882812,239.0625,700.4835205078125,267.1875,644.2197875976562,295.3125,661.0989379882812,357.1875,638.5934448242188,430.3125,627.3406982421875,284.0625,655.4725341796875,362.8125,649.84619140625,413.4375,118.0,127.0,-18.0
2021-10-15 19:17:12.120,S4,R1,711.7362670898438,188.4375,677.97802734375,199.6875,689.2307739257812,199.6875,666.7252807617188,250.3125,683.6044311523438,278.4375,666.7252807617188,199.6875,661.0989379882812,239.0625,700.4835205078125,278.4375,644.2197875976562,295.3125,666.7252807617188,362.8125,638.5934448242188,430.3125,627.3406982421875,289.6875,661.0989379882812,362.8125,649.84619140625,419.0625,100.0,127.0,-21.0
2021-10-15 19:17:12.150,S4,R1,722.989013671875,188.4375,683.6044311523438,205.3125,694.857177734375,210.9375,666.7252807617188,255.9375,677.97802734375,295.3125,672.3516845703125,199.6875,677.97802734375,255.9375,700.4835205078125,284.0625,644.2197875976562,295.3125,672.3516845703125,362.8125,638.5934448242188,430.3125,627.3406982421875,289.6875,666.7252807617188,362.8125,649.84619140625,424.6875,84.0,123.0,-17.0
2021-10-15 19:17:12.180,S4,R1,728.6154174804688,194.0625,689.2307739257812,210.9375,700.4835205078125,216.5625,672.3516845703125,255.9375,683.6044311523438,295.3125,677.97802734375,205.3125,649.84619140625,250.3125,711.7362670898438,284.0625,649.84619140625,300.9375,677.97802734375,368.4375,644.2197875976562,430.3125,632.967041015625,295.3125,672.3516845703125,362.8125,661.0989379882812,419.0625,78.0,118.0,-16.0
2021-10-15 19:17:12.210,S4,R1,734.2417602539062,199.6875,700.4835205078125,216.5625,706.1099243164062,222.1875,672.3516845703125,261.5625,683.6044311523438,306.5625,694.857177734375,210.9375,700.4835205078125,255.9375,722.989013671875,278.4375,649.84619140625,300.9375,677.97802734375,368.4375,644.2197875976562,430.3125,632.967041015625,289.6875,672.3516845703125,362.8125,666.7252807617188,419.0625,50.0,108.0,-25.0
2021-10-15 19:17:12.240,S4,R1,739.8681640625,210.9375,706.1099243164062,227.8125,706.1099243164062,227.8125,675.1648559570312,270.0,686.4176025390625,312.1875,700.4835205078125,222.1875,694.857177734375,278.4375,711.7362670898438,300.9375,649.84619140625,306.5625,677.97802734375,374.0625,638.5934448242188,435.9375,644.2197875976562,295.3125,677.97802734375,368.4375,666.7252807617188,419.0625,42.5,101.5,-24.0
2021-10-15 19:17:12.270,S4,R1,745.4945068359375,222.1875,706.1099243164062,239.0625,706.1099243164062,244.6875,677.97802734375,278.4375,689.2307739257812,317.8125,706.1099243164062,233.4375,706.1099243164062,278.4375,745.4945068359375,278.4375,649.84619140625,312.1875,683.6044311523438,374.0625,638.5934448242188,435.9375,655.4725341796875,312.1875,689.2307739257812,374.0625,661.0989379882812,419.0625,35.0,95.0,-23.0
2021-10-15 19:17:12.300,S4,R1,751.1209106445312,222.1875,717.3626708984375,244.6875,717.3626708984375,250.3125,689.2307739257812,295.3125,700.4835205078125,334.6875,717.3626708984375,239.0625,706.1099243164062,289.6875,689.2307739257812,334.6875,655.4725341796875,317.8125,689.2307739257812,379.6875,644.2197875976562,435.9375,661.0989379882812,312.1875,689.2307739257812,379.6875,661.0989379882812,424.6875,28.0,91.0,-22.0
2021-10-15 19:17:12.330,S4,R1,756.7472534179688,233.4375,717.3626708984375,250.3125,717.3626708984375,255.9375,694.857177734375,300.9375,706.1099243164062,334.6875,717.3626708984375,244.6875,711.7362670898438,295.3125,756.7472534179688,284.0625,661.0989379882812,317.8125,689.2307739257812,379.6875,644.2197875976562,435.9375,661.0989379882812,312.1875,689.2307739257812,385.3125,666.7252807617188,419.0625,18.0,92.0,-25.0
2021-10-15 19:17:12.360,S4,R1,762.3736572265625,233.4375,728.6154174804688,250.3125,722.989013671875,255.9375,706.1099243164062,306.5625,728.6154174804688,323.4375,720.1758422851562,244.6875,720.1758422851562,298.125,756.7472534179688,286.875,661.0989379882812,317.8125,694.857177734375,385.3125,644.2197875976562,435.9375,672.3516845703125,317.8125,694.857177734375,379.6875,661.0989379882812,413.4375,-87.0,88.0,-30.0
2021-10-15 19:17:12.390,S4,R1,768.0,233.4375,728.6154174804688,250.3125,734.2417602539062,250.3125,717.3626708984375,295.3125,756.7472534179688,295.3125,722.989013671875,244.6875,728.6154174804688,300.9375,756.7472534179688,289.6875,677.97802734375,317.8125,694.857177734375,385.3125,644.2197875976562,435.9375,666.7252807617188,312.1875,694.857177734375,385.3125,666.7252807617188,419.0625,-128.0,38.0,-58.0
2021-10-15 19:17:12.420,S4,R1,2.8131868839263916,205.3125,2.8131868839263916,222.1875,2.8131868839263916,227.8125,25.318681716918945,244.6875,768.0,278.4375,731.4285888671875,233.4375,734.2417907714844,286.875,756.7472534179688,284.0625,2.8131868839263916,272.8125,2.8131868839263916,306.5625,25.318681716918945,345.9375,2.8131868839263916,267.1875,2.8131868839263916,306.5625,672.3516540527344,419.0625,-128.0,-88.0,-89.0
2021-10-15 19:17:12.450,S4,R1,773.6264038085938,210.9375,745.4945068359375,227.8125,751.1209106445312,227.8125,734.2417602539062,272.8125,779.2527465820312,261.5625,739.8681640625,222.1875,739.8681640625,272.8125,756.7472534179688,278.4375,700.4835205078125,312.1875,700.4835205078125,379.6875,649.84619140625,430.3125,694.857177734375,300.9375,700.4835205078125,379.6875,677.97802734375,419.0625,-128.0,-24.0,-60.0
2021-10-15 19:17:12.480,S4,R1,784.879150390625,194.0625,751.1209106445312,216.5625,756.7472534179688,222.1875,739.8681640625,261.5625,784.879150390625,244.6875,739.8681640625,210.9375,756.7472534179688,255.9375,779.2527465820312,261.5625,711.7362670898438,295.3125,700.4835205078125,374.0625,649.84619140625,430.3125,706.1099243164062,295.3125,700.4835205078125,368.4375,666.7252807617188,430.3125,-128.0,11.0,-47.0
2021-10-15 19:17:12.510,S4,R1,790.5054931640625,182.8125,751.1209106445312,205.3125,756.7472534179688,205.3125,756.7472534179688,244.6875,796.1318969726562,222.1875,745.4945068359375,199.6875,756.7472534179688,239.0625,796.1318969726562,233.4375,728.6154174804688,289.6875,711.7362670898438,362.8125,661.0989379882812,424.6875,717.3626708984375,284.0625,711.7362670898438,357.1875,672.3516845703125,419.0625,-114.0,44.0,-42.0
2021-10-15 19:17:12.540,S4,R1,796.1318969726562,165.9375,762.3736572265625,188.4375,768.0,188.4375,768.0,227.8125,807.3846435546875,210.9375,756.7472534179688,188.4375,773.6264038085938,216.5625,801.7582397460938,216.5625,745.4945068359375,284.0625,722.989013671875,357.1875,672.3516845703125,413.4375,739.8681640625,278.4375,728.6154174804688,357.1875,689.2307739257812,407.8125,-80.0,66.0,-37.0
2021-10-15 19:17:12.570,S4,R1,796.1318969726562,165.9375,762.3736572265625,182.8125,773.6264038085938,182.8125,779.2527465820312,222.1875,807.3846435546875,205.3125,756.7472534179688,182.8125,773.6264038085938,216.5625,812.2072230747768,213.34821428571428,751.1209106445312,278.4375,739.8681640625,351.5625,677.97802734375,390.9375,751.1209106445312,272.8125,751.1209106445312,351.5625,694.857177734375,379.6875,-5.0,78.0,-18.0
2021-10-15 19:17:12.600,S4,R1,801.7582397460938,160.3125,768.0,177.1875,779.2527465820312,177.1875,801.7582397460938,216.5625,818.6373901367188,188.4375,756.7472534179688,177.1875,796.1318969726562,216.5625,822.6562064034598,210.13392857142858,768.0,272.8125,773.6264038085938,351.5625,700.4835205078125,368.4375,751.1209106445312,267.1875,756.7472534179688,334.6875,706.1099243164062,374.0625,14.0,69.0,-13.0
2021-10-15 19:17:12.630,S4,R1,813.010986328125,154.6875,773.6264038085938,177.1875,784.879150390625,177.1875,818.6373901367188,210.9375,824.2637329101562,177.1875,762.3736572265625,171.5625,756.7472534179688,233.4375,833.1051897321429,206.91964285714286,773.6264038085938,267.1875,796.1318969726562,340.3125,717.3626708984375,362.8125,756.7472534179688,261.5625,784.879150390625,329.0625,751.1209106445312,340.3125,4.0,61.0,-21.0
2021-10-15 19:17:12.660,S4,R1,818.6373901367188,154.6875,784.879150390625,177.1875,796.1318969726562,177.1875,841.1428833007812,210.9375,841.1428833007812,182.8125,773.6264038085938,171.5625,773.6264038085938,233.4375,843.5541730608259,203.70535714285714,784.879150390625,272.8125,818.6373901367188,334.6875,739.8681640625,362.8125,768.0,267.1875,790.5054931640625,323.4375,768.0,334.6875,18.0,93.0,-9.0
2021-10-15 19:17:12.690,S4,R1,835.5164794921875,154.6875,790.5054931640625,177.1875,807.3846435546875,177.1875,852.3956298828125,216.5625,852.3956298828125,188.4375,779.2527465820312,171.5625,768.0,227.8125,854.003156389509,200.49107142857142,796.1318969726562,272.8125,841.1428833007812,329.0625,762.3736572265625,362.8125,779.2527465820312,267.1875,813.010986328125,323.4375,773.6264038085938,357.1875,38.0,127.0,-17.0
2021-10-15 19:17:12.720,S4,R1,841.1428833007812,160.3125,807.3846435546875,182.8125,818.6373901367188,177.1875,869.2747192382812,222.1875,874.901123046875,194.0625,796.1318969726562,171.5625,810.1978149414062,210.9375,864.452139718192,197.27678571428572,796.1318969726562,272.8125,858.02197265625,329.0625,813.010986328125,385.3125,779.2527465820312,272.8125,829.89013671875,329.0625,784.879150390625,368.4375,21.0,127.0,-22.0
2021-10-15 19:17:12.750,S4,R1,858.02197265625,165.9375,818.6373901367188,182.8125,829.89013671875,188.4375,880.5274658203125,227.8125,886.1538696289062,205.3125,807.3846435546875,177.1875,852.3956298828125,194.0625,874.901123046875,194.0625,807.3846435546875,278.4375,863.6483764648438,329.0625,846.7692260742188,390.9375,790.5054931640625,278.4375,829.89013671875,329.0625,796.1318969726562,379.6875,52.0,127.0,-3.0
2021-10-15 19:17:12.780,S4,R1,869.2747192382812,171.5625,829.89013671875,199.6875,841.1428833007812,199.6875,897.4066162109375,233.4375,897.4066162109375,210.9375,813.010986328125,188.4375,860.8351745605469,210.9375,886.1538696289062,222.1875,813.010986328125,284.0625,880.5274658203125,340.3125,874.901123046875,413.4375,801.7582397460938,289.6875,841.1428833007812,340.3125,818.6373901367188,396.5625,34.0,127.0,-27.0
2021-10-15 19:17:12.810,S4,R1,869.2747192382812,182.8125,835.5164794921875,205.3125,846.7692260742188,199.6875,886.1538696289062,227.8125,914.2857666015625,244.6875,824.2637329101562,199.6875,869.2747192382812,227.8125,897.4066162109375,250.3125,829.89013671875,295.3125,880.5274658203125,351.5625,886.1538696289062,430.3125,807.3846435546875,295.3125,846.7692260742188,351.5625,841.1428833007812,407.8125,127.0,127.0,18.0
2021-10-15 19:17:12.840,S4,R1,874.901123046875,194.0625,835.5164794921875,216.5625,858.02197265625,216.5625,897.4066162109375,233.4375,925.5385131835938,255.9375,829.89013671875,210.9375,877.7142944335938,233.4375,881.6527709960938,257.0625,846.7692260742188,306.5625,903.0330200195312,357.1875,880.5274658203125,424.6875,824.2637329101562,306.5625,869.2747192382812,362.8125,858.02197265625,424.6875,82.0,127.0,-19.0
2021-10-15 19:17:12.870,S4,R1,886.1538696289062,199.6875,852.3956298828125,227.8125,863.6483764648438,227.8125,903.0330200195312,244.6875,931.1648559570312,255.9375,841.1428833007812,222.1875,886.1538696289062,239.0625,865.89892578125,263.8125,846.7692260742188,317.8125,908.6593627929688,362.8125,880.5274658203125,424.6875,829.89013671875,312.1875,874.901123046875,357.1875,863.6483764648438,419.0625,127.0,127.0,25.0
2021-10-15 19:17:12.900,S4,R1,886.1538696289062,205.3125,858.02197265625,227.8125,869.2747192382812,233.4375,914.2857666015625,255.9375,936.791259765625,261.5625,841.1428833007812,227.8125,897.4066162109375,239.0625,850.1450805664062,270.5625,858.02197265625,323.4375,914.2857666015625,368.4375,874.901123046875,430.3125,829.89013671875,317.8125,886.1538696289062,362.8125,863.6483764648438,419.0625,127.0,127.0,127.0
2021-10-15 19:17:12.930,S4,R1,891.7802124023438,210.9375,858.02197265625,233.4375,880.5274658203125,239.0625,925.5385131835938,267.1875,948.0440063476562,278.4375,846.7692260742188,233.4375,841.1428833007812,267.1875,834.3912353515625,277.3125,863.6483764648438,323.4375,919.912109375,374.0625,880.5274658203125,424.6875,846.7692260742188,323.4375,891.7802124023438,362.8125,869.2747192382812,419.0625,127.0,85.0,127.0
2021-10-15 19:17:12.960,S4,R1,903.0330200195312,210.9375,874.901123046875,239.0625,891.7802124023438,244.6875,925.5385131835938,284.0625,959.2967529296875,289.6875,852.3956298828125,233.4375,824.2637329101562,255.9375,818.6373901367188,284.0625,869.2747192382812,323.4375,925.5385131835938,374.0625,880.5274658203125,424.6875,846.7692260742188,317.8125,897.4066162109375,368.4375,869.2747192382812,419.0625,127.0,71.0,61.0
2021-10-15 19:17:12.990,S4,R1,908.6593627929688,205.3125,874.901123046875,239.0625,891.7802124023438,244.6875,925.5385131835938,289.6875,959.2967529296875,289.6875,863.6483764648438,233.4375,908.6593627929688,300.9375,840.2051595052084,284.0625,874.901123046875,323.4375,925.5385131835938,374.0625,880.5274658203125,424.6875,852.3956298828125,317.8125,897.4066162109375,368.4375,869.2747192382812,419.0625,115.0,70.0,28.0
2021-10-15 19:17:13.020,S4,R1,908.6593627929688,205.3125,874.901123046875,233.4375,897.4066162109375,239.0625,925.5385131835938,289.6875,959.2967529296875,289.6875,869.2747192382812,233.4375,863.6483764648438,272.8125,861.7729288736979,284.0625,880.5274658203125,323.4375,925.5385131835938,374.0625,880.5274658203125,424.6875,863.6483764648438,317.8125,897.4066162109375,368.4375,874.901123046875,419.0625,103.0,69.0,-5.0
2021-10-15 19:17:13.050,S4,R1,914.2857666015625,205.3125,880.5274658203125,233.4375,897.4066162109375,233.4375,919.912109375,289.6875,953.6703491210938,295.3125,869.2747192382812,227.8125,863.6483764648438,272.8125,883.3406982421875,284.0625,886.1538696289062,323.4375,925.5385131835938,374.0625,880.5274658203125,424.6875,863.6483764648438,317.8125,897.4066162109375,368.4375,874.901123046875,419.0625,68.0,78.0,-14.0
2021-10-15 19:17:13.080,S4,R1,925.5385131835938,205.3125,891.7802124023438,227.8125,903.0330200195312,233.4375,919.912109375,289.6875,953.6703491210938,295.3125,874.901123046875,227.8125,858.02197265625,272.8125,904.9084676106771,284.0625,886.1538696289062,317.8125,925.5385131835938,374.0625,880.5274658203125,424.6875,869.2747192382812,312.1875,903.0330200195312,368.4375,874.901123046875,419.0625,46.0,104.0,-37.0
2021-10-15 19:17:13.110,S4,R1,925.5385131835938,199.6875,897.4066162109375,227.8125,908.6593627929688,227.8125,919.912109375,278.4375,953.6703491210938,295.3125,880.5274658203125,222.1875,863.6483764648438,267.1875,926.4762369791666,284.0625,886.1538696289062,317.8125,925.5385131835938,379.6875,880.5274658203125,424.6875,869.2747192382812,312.1875,903.0330200195312,368.4375,874.901123046875,419.0625,-5.0,88.0,-62.0
2021-10-15 19:17:13.140,S4,R1,931.1648559570312,194.0625,897.4066162109375,227.8125,908.6593627929688,222.1875,919.912109375,272.8125,959.2967529296875,295.3125,880.5274658203125,222.1875,908.6593627929688,278.4375,948.0440063476562,284.0625,891.7802124023438,312.1875,925.5385131835938,374.0625,874.901123046875,430.3125,869.2747192382812,306.5625,903.0330200195312,368.4375,874.901123046875,419.0625,-31.0,75.0,-85.0
2021-10-15 19:17:13.170,S4,R1,931.1648559570312,182.8125,897.4066162109375,222.1875,914.2857666015625,222.1875,925.5385131835938,267.1875,959.2967529296875,295.3125,886.1538696289062,216.5625,869.2747192382812,250.3125,950.857177734375,284.0625,897.4066162109375,312.1875,925.5385131835938,374.0625,880.5274658203125,430.3125,874.901123046875,300.9375,903.0330200195312,368.4375,869.2747192382812,419.0625,-47.0,39.0,-108.0
2021-10-15 19:17:13.200,S4,R1,931.1648559570312,177.1875,903.0330200195312,210.9375,914.2857666015625,205.3125,925.5385131835938,255.9375,959.2967529296875,289.6875,886.1538696289062,210.9375,869.2747192382812,244.6875,953.6703491210938,284.0625,903.0330200195312,306.5625,925.5385131835938,368.4375,880.5274658203125,424.6875,880.5274658203125,300.9375,903.0330200195312,362.8125,869.2747192382812,419.0625,-7.0,47.0,-52.0
2021-10-15 19:17:13.230,S4,R1,931.1648559570312,171.5625,903.0330200195312,205.3125,919.912109375,205.3125,931.1648559570312,250.3125,959.2967529296875,284.0625,891.7802124023438,205.3125,874.901123046875,244.6875,953.6703491210938,278.4375,903.0330200195312,300.9375,919.912109375,362.8125,880.5274658203125,424.6875,886.1538696289062,289.6875,903.0330200195312,357.1875,869.2747192382812,413.4375,-13.0,37.0,-41.0
2021-10-15 19:17:13.260,S4,R1,942.4176025390625,171.5625,908.6593627929688,205.3125,919.912109375,199.6875,931.1648559570312,244.6875,959.2967529296875,284.0625,897.4066162109375,194.0625,891.7802124023438,250.3125,953.6703491210938,272.8125,908.6593627929688,295.3125,919.912109375,362.8125,880.5274658203125,430.3125,891.7802124023438,289.6875,903.0330200195312,357.1875,869.2747192382812,413.4375,1.0,24.0,-33.0
2021-10-15 19:17:13.290,S4,R1,948.0440063476562,165.9375,914.2857666015625,199.6875,925.5385131835938,194.0625,931.1648559570312,250.3125,959.2967529296875,284.0625,897.4066162109375,194.0625,891.7802124023438,239.0625,953.6703491210938,267.1875,908.6593627929688,289.6875,919.912109375,357.1875,874.901123046875,424.6875,891.7802124023438,289.6875,903.0330200195312,357.1875,869.2747192382812,413.4375,82.0,56.0,-33.0
2021-10-15 19:17:13.320,S4,R1,948.0440063476562,165.9375,919.912109375,194.0625,931.1648559570312,199.6875,931.1648559570312,250.3125,959.2967529296875,278.4375,903.0330200195312,188.4375,891.7802124023438,233.4375,953.6703491210938,261.5625,914.2857666015625,289.6875,919.912109375,357.1875,874.901123046875,424.6875,891.7802124023438,284.0625,903.0330200195312,357.1875,869.2747192382812,413.4375,127.0,72.0,-70.0
2021-10-15 19:17:13.350,S4,R1,953.6703491210938,160.3125,919.912109375,188.4375,936.791259765625,194.0625,936.791259765625,244.6875,959.2967529296875,278.4375,908.6593627929688,188.4375,891.7802124023438,233.4375,953.6703491210938,261.5625,914.2857666015625,289.6875,919.912109375,357.1875,874.901123046875,424.6875,897.4066162109375,278.4375,903.0330200195312,357.1875,869.2747192382812,407.8125,127.0,81.0,-84.0
2021-10-15 19:17:13.380,S4,R1,953.6703491210938,160.3125,919.912109375,188.4375,936.791259765625,188.4375,936.791259765625,244.6875,964.923095703125,272.8125,908.6593627929688,182.8125,891.7802124023438,227.8125,953.6703491210938,261.5625,919.912109375,284.0625,914.2857666015625,357.1875,880.5274658203125,424.6875,897.4066162109375,278.4375,903.0330200195312,357.1875,869.2747192382812,407.8125,127.0,60.0,-59.0
2021-10-15 19:17:13.410,S4,R1,953.6703491210938,154.6875,919.912109375,188.4375,936.791259765625,188.4375,942.4176025390625,244.6875,964.923095703125,272.8125,914.2857666015625,182.8125,891.7802124023438,227.8125,961.1721801757812,261.5625,925.5385131835938,284.0625,914.2857666015625,357.1875,874.901123046875,424.6875,908.6593627929688,278.4375,908.6593627929688,357.1875,874.901123046875,407.8125,127.0,65.0,-43.0
2021-10-15 19:17:13.440,S4,R1,959.2967529296875,154.6875,925.5385131835938,188.4375,942.4176025390625,188.4375,942.4176025390625,244.6875,970.5494995117188,267.1875,914.2857666015625,182.8125,891.7802124023438,227.8125,968.6740112304688,261.5625,925.5385131835938,284.0625,919.912109375,351.5625,874.901123046875,424.6875,908.6593627929688,278.4375,914.2857666015625,351.5625,880.5274658203125,407.8125,51.0,45.0,-45.0
2021-10-15 19:17:13.470,S4,R1,964.923095703125,160.3125,931.1648559570312,188.4375,942.4176025390625,188.4375,948.0440063476562,239.0625,981.80224609375,272.8125,919.912109375,182.8125,908.6593627929688,233.4375,976.1758422851562,261.5625,931.1648559570312,284.0625,919.912109375,357.1875,874.901123046875,424.6875,908.6593627929688,278.4375,919.912109375,351.5625,886.1538696289062,407.8125,-9.0,24.0,-42.0
2021-10-15 19:17:13.500,S4,R1,970.5494995117188,160.3125,936.791259765625,188.4375,948.0440063476562,188.4375,953.6703491210938,239.0625,987.4285888671875,267.1875,919.912109375,182.8125,914.2857666015625,233.4375,959.2967224121094,260.15625,931.1648559570312,278.4375,925.5385131835938,351.5625,880.5274658203125,424.6875,914.2857666015625,272.8125,919.912109375,345.9375,886.1538696289062,413.4375,-82.0,-1.0,-79.0
2021-10-15 19:17:13.530,S4,R1,976.1758422851562,154.6875,942.4176025390625,188.4375,953.6703491210938,188.4375,964.923095703125,233.4375,987.4285888671875,267.1875,931.1648559570312,182.8125,953.6703491210938,233.4375,942.4176025390625,258.75,931.1648559570312,278.4375,931.1648559570312,345.9375,880.5274658203125,419.0625,914.2857666015625,272.8125,925.5385131835938,345.9375,886.1538696289062,419.0625,-76.0,-25.0,-90.0
2021-10-15 19:17:13.560,S4,R1,976.1758422851562,160.3125,942.4176025390625,188.4375,959.2967529296875,188.4375,970.5494995117188,239.0625,993.0549926757812,267.1875,931.1648559570312,182.8125,914.2857666015625,233.4375,925.5384826660156,257.34375,936.791259765625,278.4375,931.1648559570312,351.5625,880.5274658203125,419.0625,919.912109375,278.4375,936.791259765625,345.9375,897.4066162109375,413.4375,-23.0,-23.0,-25.0
2021-10-15 19:17:13.590,S4,R1,976.1758422851562,154.6875,948.0440063476562,188.4375,959.2967529296875,182.8125,970.5494995117188,233.4375,998.6813354492188,267.1875,936.791259765625,182.8125,914.2857666015625,227.8125,908.6593627929688,255.9375,942.4176025390625,284.0625,931.1648559570312,351.5625,886.1538696289062,419.0625,925.5385131835938,278.4375,953.6703491210938,345.9375,919.912109375,407.8125,-25.0,53.0,41.0
2021-10-15 19:17:13.620,S4,R1,981.80224609375,154.6875,948.0440063476562,188.4375,964.923095703125,182.8125,976.1758422851562,233.4375,998.6813354492188,272.8125,936.791259765625,182.8125,914.2857666015625,227.8125,908.6593627929688,255.9375,948.0440063476562,284.0625,931.1648559570312,351.5625,886.1538696289062,419.0625,925.5385131835938,278.4375,953.6703491210938,351.5625,936.791259765625,407.8125,-26.0,24.0,26.0
2021-10-15 19:17:13.650,S4,R1,987.4285888671875,160.3125,953.6703491210938,188.4375,970.5494995117188,188.4375,987.4285888671875,239.0625,1004.3077392578125,278.4375,942.4176025390625,188.4375,914.2857666015625,233.4375,908.6593627929688,255.9375,948.0440063476562,284.0625,936.791259765625,357.1875,886.1538696289062,419.0625,931.1648559570312,278.4375,959.2967529296875,357.1875,953.6703491210938,407.8125,38.0,9.0,-14.0
2021-10-15 19:17:13.680,S4,R1,987.4285888671875,160.3125,959.2967529296875,194.0625,970.5494995117188,194.0625,993.0549926757812,244.6875,1004.3077392578125,289.6875,942.4176025390625,188.4375,925.5385131835938,239.0625,914.2857666015625,261.5625,953.6703491210938,284.0625,936.791259765625,357.1875,886.1538696289062,419.0625,942.4176025390625,284.0625,970.5494995117188,351.5625,953.6703491210938,407.8125,58.0,32.0,44.0
2021-10-15 19:17:13.710,S4,R1,993.0549926757812,160.3125,959.2967529296875,205.3125,976.1758422851562,199.6875,993.0549926757812,250.3125,1009.93408203125,289.6875,948.0440063476562,194.0625,931.1648559570312,244.6875,931.1648559570312,261.5625,953.6703491210938,289.6875,936.791259765625,362.8125,886.1538696289062,419.0625,936.791259765625,284.0625,970.5494995117188,351.5625,959.2967529296875,407.8125,51.0,11.0,19.0
2021-10-15 19:17:13.740,S4,R1,998.6813354492188,165.9375,964.923095703125,199.6875,976.1758422851562,199.6875,993.0549926757812,250.3125,1015.5604858398438,289.6875,948.0440063476562,194.0625,931.1648559570312,244.6875,936.791259765625,261.5625,953.6703491210938,289.6875,953.6703491210938,351.5625,888.967041015625,416.25,942.4176025390625,289.6875,970.5494995117188,351.5625,959.2967529296875,413.4375,44.5,7.0,6.5
2021-10-15 19:17:13.770,S4,R1,998.6813354492188,165.9375,964.923095703125,199.6875,981.80224609375,199.6875,993.0549926757812,250.3125,1015.5604858398438,289.6875,953.6703491210938,194.0625,931.1648559570312,244.6875,936.791259765625,255.9375,959.2967529296875,289.6875,942.4176025390625,362.8125,891.7802124023438,413.4375,942.4176025390625,289.6875,976.1758422851562,351.5625,959.2967529296875,407.8125,38.0,3.0,-6.0
2021-10-15 19:17:13.800,S4,R1,998.6813354492188,160.3125,970.5494995117188,199.6875,981.80224609375,205.3125,998.6813354492188,244.6875,1015.5604858398438,289.6875,953.6703491210938,194.0625,931.1648559570312,239.0625,931.1648559570312,255.9375,964.923095703125,289.6875,948.0440063476562,357.1875,891.7802124023438,413.4375,942.4176025390625,284.0625,976.1758422851562,351.5625,959.2967529296875,407.8125,52.0,19.0,-2.0
2021-10-15 19:17:13.830,S4,R1,1004.3077392578125,160.3125,970.5494995117188,188.4375,987.4285888671875,194.0625,993.0549926757812,244.6875,1009.93408203125,289.6875,959.2967529296875,188.4375,936.791259765625,233.4375,931.1648559570312,255.9375,970.5494995117188,289.6875,948.0440063476562,362.8125,897.4066162109375,407.8125,948.0440063476562,284.0625,970.5494995117188,357.1875,959.2967529296875,413.4375,56.0,16.0,3.0
2021-10-15 19:17:13.860,S4,R1,1004.3077392578125,154.6875,970.5494995117188,188.4375,987.4285888671875,188.4375,993.0549926757812,239.0625,1009.93408203125,284.0625,959.2967529296875,188.4375,936.791259765625,233.4375,941.1672973632812,258.4375,976.1758422851562,284.0625,959.2967529296875,351.5625,897.4066162109375,407.8125,953.6703491210938,278.4375,970.5494995117188,351.5625,959.2967529296875,407.8125,42.0,9.0,21.0
2021-10-15 19:17:13.890,S4,R1,1004.3077392578125,154.6875,976.1758422851562,182.8125,987.4285888671875,188.4375,993.0549926757812,239.0625,1009.93408203125,284.0625,959.2967529296875,182.8125,942.4176025390625,233.4375,951.1697387695312,260.9375,976.1758422851562,278.4375,959.2967529296875,345.9375,908.6593627929688,402.1875,953.6703491210938,272.8125,970.5494995117188,351.5625,959.2967529296875,407.8125,13.0,10.0,4.0
2021-10-15 19:17:13.920,S4,R1,1004.3077392578125,149.0625,976.1758422851562,182.8125,987.4285888671875,182.8125,993.0549926757812,233.4375,1009.93408203125,278.4375,964.923095703125,177.1875,953.6703491210938,233.4375,961.1721801757812,263.4375,970.5494995117188,278.4375,964.923095703125,345.9375,919.912109375,402.1875,959.2967529296875,272.8125,970.5494995117188,345.9375,953.6703491210938,407.8125,16.0,1.0,-3.0
2021-10-15 19:17:13.950,S4,R1,1009.93408203125,149.0625,976.1758422851562,182.8125,987.4285888671875,182.8125,993.0549926757812,233.4375,1009.93408203125,278.4375,964.923095703125,177.1875,993.0549926757812,227.8125,971.1746215820312,265.9375,976.1758422851562,272.8125,964.923095703125,345.9375,931.1648559570312,402.1875,959.2967529296875,272.8125,970.5494995117188,345.9375,953.6703491210938,407.8125,50.0,-1.0,8.0
2021-10-15 19:17:13.980,S4,R1,1009.93408203125,149.0625,976.1758422851562,182.8125,981.80224609375,182.8125,987.4285888671875,227.8125,1009.93408203125,272.8125,964.923095703125,177.1875,964.923095703125,233.4375,981.1770629882812,268.4375,970.5494995117188,272.8125,964.923095703125,345.9375,936.791259765625,407.8125,964.923095703125,272.8125,970.5494995117188,345.9375,953.6703491210938,402.1875,81.0,-9.0,0.0
2021-10-15 19:17:14.010,S4,R1,1009.93408203125,149.0625,976.1758422851562,182.8125,987.4285888671875,182.8125,987.4285888671875,227.8125,1009.93408203125,272.8125,964.923095703125,177.1875,970.5494995117188,233.4375,991.1795043945312,270.9375,970.5494995117188,278.4375,970.5494995117188,345.9375,936.791259765625,413.4375,959.2967529296875,272.8125,970.5494995117188,345.9375,959.2967529296875,402.1875,114.0,-72.0,-46.0
2021-10-15 19:17:14.040,S4,R1,1004.3077392578125,149.0625,976.1758422851562,182.8125,981.80224609375,182.8125,987.4285888671875,233.4375,1004.3077392578125,272.8125,964.923095703125,182.8125,976.1758422851562,233.4375,1001.1819458007812,273.4375,970.5494995117188,278.4375,970.5494995117188,345.9375,936.791259765625,413.4375,964.923095703125,272.8125,964.923095703125,340.3125,959.2967529296875,402.1875,127.0,-49.0,-67.0
2021-10-15 19:17:14.070,S4,R1,1004.3077392578125,154.6875,976.1758422851562,182.8125,981.80224609375,188.4375,981.80224609375,233.4375,1004.3077392578125,272.8125,964.923095703125,182.8125,976.1758422851562,233.4375,1011.1843872070312,275.9375,970.5494995117188,278.4375,970.5494995117188,345.9375,942.4176025390625,413.4375,964.923095703125,272.8125,964.923095703125,340.3125,953.6703491210938,407.8125,127.0,-21.0,-83.0
2021-10-15 19:17:14.100,S4,R1,1004.3077392578125,154.6875,976.1758422851562,182.8125,976.1758422851562,188.4375,976.1758422851562,233.4375,1004.3077392578125,272.8125,970.5494995117188,177.1875,981.80224609375,233.4375,1021.1868286132812,278.4375,964.923095703125,278.4375,970.5494995117188,345.9375,942.4176025390625,413.4375,970.5494995117188,278.4375,970.5494995117188,345.9375,953.6703491210938,407.8125,127.0,-37.0,-48.0
2021-10-15 19:17:14.130,S4,R1,1004.3077392578125,154.6875,981.80224609375,182.8125,976.1758422851562,182.8125,973.3626708984375,233.4375,1001.4945373535156,272.8125,987.4285888671875,177.1875,981.80224609375,233.4375,1021.1868286132812,278.4375,964.923095703125,272.8125,970.5494995117188,345.9375,942.4176025390625,413.4375,970.5494995117188,278.4375,970.5494995117188,345.9375,953.6703491210938,407.8125,77.0,-45.0,-19.0
2021-10-15 19:17:14.160,S4,R1,1004.3077392578125,149.0625,981.80224609375,182.8125,976.1758422851562,182.8125,970.5494995117188,233.4375,998.6813354492188,272.8125,993.0549926757812,182.8125,998.6813354492188,227.8125,1015.5604858398438,267.1875,964.923095703125,278.4375,964.923095703125,345.9375,942.4176025390625,419.0625,976.1758422851562,278.4375,970.5494995117188,345.9375,953.6703491210938,407.8125,44.0,-18.0,-10.0
2021-10-15 19:17:14.190,S4,R1,1004.3077392578125,154.6875,981.80224609375,182.8125,976.1758422851562,182.8125,970.5494995117188,233.4375,993.0549926757812,278.4375,993.0549926757812,182.8125,998.6813354492188,233.4375,1015.5604858398438,267.1875,959.2967529296875,272.8125,964.923095703125,345.9375,942.4176025390625,419.0625,976.1758422851562,278.4375,970.5494995117188,345.9375,953.6703491210938,413.4375,15.0,-2.0,14.0
2021-10-15 19:17:14.220,S4,R1,1004.3077392578125,154.6875,981.80224609375,182.8125,976.1758422851562,182.8125,964.923095703125,233.4375,987.4285888671875,278.4375,993.0549926757812,182.8125,998.6813354492188,233.4375,1015.5604858398438,261.5625,964.923095703125,278.4375,964.923095703125,345.9375,936.791259765625,419.0625,970.5494995117188,278.4375,970.5494995117188,345.9375,953.6703491210938,413.4375,2.0,2.0,13.0
2021-10-15 19:17:14.250,S4,R1,1004.3077392578125,154.6875,981.80224609375,182.8125,976.1758422851562,182.8125,964.923095703125,227.8125,981.80224609375,278.4375,993.0549926757812,182.8125,998.6813354492188,233.4375,1015.5604858398438,261.5625,964.923095703125,278.4375,964.923095703125,345.9375,936.791259765625,419.0625,970.5494995117188,278.4375,970.5494995117188,345.9375,948.0440063476562,413.4375,-24.0,6.0,2.0
2021-10-15 19:17:14.280,S4,R1,1004.3077392578125,154.6875,981.80224609375,182.8125,976.1758422851562,182.8125,964.923095703125,233.4375,976.1758422851562,278.4375,993.0549926757812,182.8125,998.6813354492188,233.4375,1021.1868286132812,261.5625,964.923095703125,278.4375,959.2967529296875,351.5625,936.791259765625,419.0625,970.5494995117188,278.4375,970.5494995117188,351.5625,948.0440063476562,413.4375,-11.0,-12.0,-1.0
2021-10-15 19:17:14.310,S4,R1,1004.3077392578125,154.6875,981.80224609375,182.8125,976.1758422851562,182.8125,959.2967529296875,227.8125,976.1758422851562,284.0625,998.6813354492188,182.8125,998.6813354492188,233.4375,1021.1868286132812,261.5625,964.923095703125,278.4375,959.2967529296875,351.5625,936.791259765625,419.0625,976.1758422851562,284.0625,970.5494995117188,357.1875,948.0440063476562,407.8125,24.0,-26.0,-13.0
2021-10-15 19:17:14.340,S4,R1,1004.3077392578125,149.0625,987.4285888671875,182.8125,976.1758422851562,182.8125,959.2967529296875,233.4375,970.5494995117188,278.4375,998.6813354492188,182.8125,998.6813354492188,233.4375,1021.1868286132812,261.5625,970.5494995117188,278.4375,959.2967529296875,351.5625,936.791259765625,419.0625,981.80224609375,284.0625,970.5494995117188,357.1875,948.0440063476562,407.8125,55.0,-51.0,-27.0
2021-10-15 19:17:14.370,S4,R1,1004.3077392578125,154.6875,981.80224609375,182.8125,976.1758422851562,182.8125,959.2967529296875,233.4375,964.923095703125,278.4375,993.0549926757812,182.8125,998.6813354492188,233.4375,1015.5604858398438,261.5625,970.5494995117188,278.4375,959.2967529296875,351.5625,936.791259765625,419.0625,981.80224609375,284.0625,970.5494995117188,357.1875,953.6703491210938,407.8125,83.0,-34.0,-47.0
2021-10-15 19:17:14.400,S4,R1,1004.3077392578125,154.6875,981.80224609375,182.8125,970.5494995117188,182.8125,959.2967529296875,233.4375,964.923095703125,278.4375,998.6813354492188,182.8125,998.6813354492188,239.0625,1015.5604858398438,267.1875,970.5494995117188,278.4375,959.2967529296875,351.5625,936.791259765625,419.0625,981.80224609375,284.0625,970.5494995117188,357.1875,948.0440063476562,407.8125,101.0,-6.0,-44.0
2021-10-15 19:17:14.430,S4,R1,998.6813354492188,154.6875,981.80224609375,182.8125,970.5494995117188,182.8125,953.6703491210938,233.4375,959.2967529296875,278.4375,998.6813354492188,182.8125,1004.3077392578125,239.0625,1009.93408203125,272.8125,970.5494995117188,278.4375,953.6703491210938,357.1875,936.791259765625,419.0625,981.80224609375,284.0625,970.5494995117188,351.5625,948.0440063476562,407.8125,98.0,26.0,-36.0
2021-10-15 19:17:14.460,S4,R1,998.6813354492188,154.6875,981.80224609375,182.8125,970.5494995117188,182.8125,953.6703491210938,233.4375,959.2967529296875,278.4375,998.6813354492188,182.8125,1004.3077392578125,239.0625,1009.93408203125,278.4375,970.5494995117188,284.0625,953.6703491210938,357.1875,936.791259765625,419.0625,987.4285888671875,284.0625,970.5494995117188,357.1875,948.0440063476562,407.8125,76.0,21.0,-39.0
2021-10-15 19:17:14.490,S4,R1,998.6813354492188,154.6875,987.4285888671875,182.8125,970.5494995117188,182.8125,953.6703491210938,233.4375,959.2967529296875,284.0625,998.6813354492188,188.4375,1004.3077392578125,239.0625,1009.93408203125,278.4375,970.5494995117188,284.0625,953.6703491210938,357.1875,936.791259765625,419.0625,987.4285888671875,284.0625,970.5494995117188,357.1875,948.0440063476562,407.8125,69.5,24.0,-37.0
2021-10-15 19:17:14.520,S4,R1,998.6813354492188,154.6875,981.80224609375,182.8125,970.5494995117188,182.8125,953.6703491210938,227.8125,959.2967529296875,278.4375,998.6813354492188,182.8125,998.6813354492188,239.0625,1004.3077392578125,284.0625,964.923095703125,278.4375,953.6703491210938,357.1875,942.4176025390625,419.0625,987.4285888671875,284.0625,970.5494995117188,357.1875,948.0440063476562,407.8125,63.0,27.0,-35.0
2021-10-15 19:17:14.550,S4,R1,998.6813354492188,154.6875,981.80224609375,182.8125,970.5494995117188,182.8125,953.6703491210938,233.4375,959.2967529296875,278.4375,998.6813354492188,182.8125,998.6813354492188,233.4375,1004.3077392578125,284.0625,964.923095703125,278.4375,953.6703491210938,357.1875,942.4176025390625,419.0625,987.4285888671875,284.0625,970.5494995117188,357.1875,948.0440063476562,407.8125,43.0,32.0,-14.0
2021-10-15 19:17:14.580,S4,R1,998.6813354492188,154.6875,981.80224609375,182.8125,964.923095703125,182.8125,953.6703491210938,233.4375,953.6703491210938,278.4375,998.6813354492188,182.8125,998.6813354492188,233.4375,1004.3077392578125,284.0625,964.923095703125,278.4375,953.6703491210938,357.1875,942.4176025390625,419.0625,987.4285888671875,278.4375,970.5494995117188,357.1875,948.0440063476562,407.8125,34.0,25.0,-13.0
2021-10-15 19:17:14.610,S4,R1,998.6813354492188,154.6875,981.80224609375,182.8125,964.923095703125,182.8125,948.0440063476562,233.4375,953.6703491210938,278.4375,998.6813354492188,182.8125,998.6813354492188,227.8125,1004.3077392578125,284.0625,964.923095703125,278.4375,953.6703491210938,357.1875,942.4176025390625,419.0625,987.4285888671875,278.4375,970.5494995117188,357.1875,948.0440063476562,407.8125,42.0,22.0,-29.0
2021-10-15 19:17:14.640,S4,R1,998.6813354492188,154.6875,981.80224609375,182.8125,964.923095703125,182.8125,948.0440063476562,233.4375,953.6703491210938,278.4375,998.6813354492188,182.8125,998.6813354492188,227.8125,1004.3077392578125,284.0625,964.923095703125,278.4375,953.6703491210938,357.1875,942.4176025390625,419.0625,987.4285888671875,278.4375,970.5494995117188,357.1875,948.0440063476562,407.8125,50.0,19.0,-17.0
2021-10-15 19:17:14.670,S4,R1,998.6813354492188,154.6875,976.1758422851562,182.8125,964.923095703125,182.8125,948.0440063476562,233.4375,953.6703491210938,278.4375,998.6813354492188,182.8125,998.6813354492188,227.8125,1004.3077392578125,284.0625,964.923095703125,278.4375,953.6703491210938,357.1875,942.4176025390625,419.0625,987.4285888671875,284.0625,970.5494995117188,357.1875,948.0440063476562,407.8125,45.0,12.0,-18.0
