Datetime,Subject,Repetition,Nose_X,Nose_Y,Neck_X,Neck_Y,Right_Shoulder_X,Right_Shoulder_Y,Right_Elbow_X,Right_Elbow_Y,Right_Wrist_X,Right_Wrist_Y,Left_Shoulder_X,Left_Shoulder_Y,Left_Elbow_X,Left_Elbow_Y,Left_Wrist_X,Left_Wrist_Y,Right_Hip_X,Right_Hip_Y,Right_Knee_X,Right_Knee_Y,Right_Ankle_X,Right_Ankle_Y,Left_Hip_X,Left_Hip_Y,Left_Knee_X,Left_Knee_Y,Left_Ankle_X,Left_Ankle_Y,ACC_x,ACC_y,ACC_z
2021-10-15 19:18:14.670,S4,R2,610.4615478515625,165.9375,610.4615478515625,199.6875,576.7033081054688,199.6875,531.6923217773438,194.0625,486.68133544921875,177.1875,644.2197875976562,199.6875,689.2307739257812,194.0625,728.6154174804688,177.1875,593.5824584960938,295.3125,599.2088012695312,362.8125,599.2088012695312,424.6875,632.967041015625,295.3125,627.3406982421875,362.8125,627.3406982421875,419.0625,-7.0,9.0,9.0
2021-10-15 19:18:14.700,S4,R2,610.4615478515625,165.9375,610.4615478515625,199.6875,582.3297119140625,205.3125,531.6923217773438,210.9375,486.68133544921875,199.6875,644.2197875976562,199.6875,677.97802734375,205.3125,734.2417602539062,210.9375,593.5824584960938,295.3125,599.2088012695312,362.8125,599.2088012695312,424.6875,632.967041015625,289.6875,627.3406982421875,362.8125,627.3406982421875,419.0625,61.0,11.0,-27.0
2021-10-15 19:18:14.730,S4,R2,616.0879516601562,165.9375,610.4615478515625,205.3125,582.3297119140625,205.3125,542.945068359375,216.5625,492.3077087402344,222.1875,644.2197875976562,205.3125,677.97802734375,222.1875,728.6154174804688,233.4375,593.5824584960938,289.6875,599.2088012695312,362.8125,599.2088012695312,424.6875,632.967041015625,289.6875,627.3406982421875,362.8125,627.3406982421875,419.0625,111.0,-7.0,-1.0
2021-10-15 19:18:14.760,S4,R2,616.0879516601562,171.5625,610.4615478515625,205.3125,576.7033081054688,205.3125,542.945068359375,233.4375,509.18682861328125,250.3125,644.2197875976562,199.6875,677.97802734375,227.8125,711.7362670898438,244.6875,593.5824584960938,295.3125,599.2088012695312,362.8125,604.835205078125,424.6875,632.967041015625,295.3125,627.3406982421875,362.8125,621.7142944335938,419.0625,127.0,-7.0,9.0
2021-10-15 19:18:14.790,S4,R2,610.4615478515625,165.9375,610.4615478515625,205.3125,576.7033081054688,205.3125,548.5714721679688,244.6875,514.8131713867188,272.8125,644.2197875976562,205.3125,672.3516845703125,244.6875,689.2307739257812,278.4375,593.5824584960938,295.3125,599.2088012695312,357.1875,599.2088012695312,424.6875,632.967041015625,289.6875,627.3406982421875,357.1875,627.3406982421875,419.0625,106.0,9.0,1.0
2021-10-15 19:18:14.820,S4,R2,610.4615478515625,165.9375,610.4615478515625,205.3125,582.3297119140625,205.3125,559.82421875,250.3125,537.3186645507812,284.0625,644.2197875976562,199.6875,661.0989379882812,244.6875,683.6044311523438,278.4375,593.5824584960938,295.3125,599.2088012695312,357.1875,599.2088012695312,424.6875,632.967041015625,289.6875,627.3406982421875,362.8125,627.3406982421875,419.0625,64.0,3.0,4.0
2021-10-15 19:18:14.850,S4,R2,616.0879516601562,165.9375,610.4615478515625,205.3125,582.3297119140625,205.3125,565.4505615234375,250.3125,548.5714721679688,289.6875,644.2197875976562,199.6875,649.84619140625,250.3125,666.7252807617188,289.6875,593.5824584960938,295.3125,599.2088012695312,357.1875,599.2088012695312,424.6875,632.967041015625,289.6875,627.3406982421875,357.1875,627.3406982421875,419.0625,8.0,-13.0,21.0
2021-10-15 19:18:14.880,S4,R2,616.0879516601562,165.9375,610.4615478515625,205.3125,582.3297119140625,205.3125,565.4505615234375,250.3125,554.1978149414062,289.6875,644.2197875976562,199.6875,649.84619140625,250.3125,661.0989379882812,284.0625,593.5824584960938,295.3125,599.2088012695312,357.1875,599.2088012695312,424.6875,632.967041015625,295.3125,627.3406982421875,357.1875,627.3406982421875,419.0625,19.0,-9.0,31.0
2021-10-15 19:18:14.910,S4,R2,616.0879516601562,165.9375,610.4615478515625,205.3125,582.3297119140625,205.3125,565.4505615234375,250.3125,554.1978149414062,289.6875,644.2197875976562,199.6875,649.84619140625,250.3125,655.4725341796875,284.0625,593.5824584960938,295.3125,599.2088012695312,357.1875,599.2088012695312,424.6875,632.967041015625,289.6875,627.3406982421875,357.1875,627.3406982421875,419.0625,46.0,2.0,36.0
2021-10-15 19:18:14.940,S4,R2,610.4615478515625,165.9375,610.4615478515625,205.3125,582.3297119140625,205.3125,559.82421875,250.3125,542.945068359375,284.0625,644.2197875976562,199.6875,649.84619140625,250.3125,655.4725341796875,284.0625,593.5824584960938,295.3125,599.2088012695312,357.1875,599.2088012695312,424.6875,632.967041015625,289.6875,627.3406982421875,357.1875,627.3406982421875,419.0625,55.0,2.0,39.0
2021-10-15 19:18:14.970,S4,R2,616.0879516601562,165.9375,610.4615478515625,205.3125,582.3297119140625,205.3125,559.82421875,250.3125,537.3186645507812,278.4375,644.2197875976562,199.6875,655.4725341796875,244.6875,677.97802734375,278.4375,593.5824584960938,289.6875,599.2088012695312,357.1875,604.835205078125,424.6875,632.967041015625,289.6875,627.3406982421875,357.1875,627.3406982421875,413.4375,53.0,3.0,46.0
2021-10-15 19:18:15.000,S4,R2,616.0879516601562,165.9375,610.4615478515625,205.3125,582.3297119140625,205.3125,548.5714721679688,239.0625,514.8131713867188,267.1875,644.2197875976562,199.6875,661.0989379882812,244.6875,672.3516845703125,272.8125,593.5824584960938,295.3125,599.2088012695312,357.1875,604.835205078125,424.6875,638.5934448242188,295.3125,627.3406982421875,357.1875,632.967041015625,419.0625,41.0,9.0,43.0
2021-10-15 19:18:15.030,S4,R2,616.0879516601562,165.9375,610.4615478515625,205.3125,582.3297119140625,205.3125,542.945068359375,233.4375,509.18682861328125,255.9375,644.2197875976562,199.6875,672.3516845703125,233.4375,700.4835205078125,255.9375,593.5824584960938,295.3125,599.2088012695312,362.8125,604.835205078125,424.6875,632.967041015625,295.3125,632.967041015625,362.8125,632.967041015625,419.0625,59.0,-2.0,46.0
2021-10-15 19:18:15.060,S4,R2,616.0879516601562,165.9375,610.4615478515625,205.3125,582.3297119140625,205.3125,542.945068359375,222.1875,503.5604553222656,233.4375,644.2197875976562,205.3125,677.97802734375,227.8125,706.1099243164062,239.0625,593.5824584960938,295.3125,599.2088012695312,362.8125,604.835205078125,424.6875,638.5934448242188,295.3125,627.3406982421875,362.8125,632.967041015625,419.0625,56.0,-2.0,49.0
2021-10-15 19:18:15.090,S4,R2,616.0879516601562,165.9375,610.4615478515625,199.6875,644.2197875976562,199.6875,683.6044311523438,216.5625,722.989013671875,222.1875,582.3297119140625,199.6875,537.3186645507812,210.9375,492.3077087402344,216.5625,632.967041015625,295.3125,632.967041015625,357.1875,632.967041015625,419.0625,599.2088012695312,295.3125,604.835205078125,362.8125,604.835205078125,424.6875,40.0,8.0,52.0
2021-10-15 19:18:15.120,S4,R2,621.7142944335938,160.3125,610.4615478515625,199.6875,644.2197875976562,199.6875,683.6044311523438,205.3125,728.6154174804688,205.3125,582.3297119140625,199.6875,537.3186645507812,199.6875,486.68133544921875,194.0625,632.967041015625,295.3125,632.967041015625,357.1875,632.967041015625,419.0625,599.2088012695312,295.3125,599.2088012695312,362.8125,604.835205078125,424.6875,43.0,-4.0,43.0
2021-10-15 19:18:15.150,S4,R2,616.0879516601562,165.9375,610.4615478515625,199.6875,582.3297119140625,199.6875,537.3186645507812,188.4375,497.93408203125,171.5625,644.2197875976562,199.6875,683.6044311523438,194.0625,722.989013671875,182.8125,593.5824584960938,295.3125,599.2088012695312,362.8125,604.835205078125,424.6875,638.5934448242188,295.3125,627.3406982421875,357.1875,632.967041015625,419.0625,40.0,-3.0,39.5
2021-10-15 19:18:15.180,S4,R2,610.4615478515625,160.3125,610.4615478515625,199.6875,576.7033081054688,199.6875,537.3186645507812,182.8125,497.93408203125,154.6875,644.2197875976562,194.0625,677.97802734375,188.4375,717.3626708984375,160.3125,599.2088012695312,295.3125,599.2088012695312,362.8125,604.835205078125,424.6875,638.5934448242188,295.3125,632.967041015625,362.8125,632.967041015625,419.0625,37.0,-2.0,36.0
2021-10-15 19:18:15.210,S4,R2,610.4615478515625,160.3125,610.4615478515625,199.6875,576.7033081054688,199.6875,542.945068359375,171.5625,509.18682861328125,137.8125,644.2197875976562,194.0625,677.97802734375,182.8125,706.1099243164062,143.4375,599.2088012695312,295.3125,599.2088012695312,362.8125,604.835205078125,419.0625,638.5934448242188,295.3125,632.967041015625,357.1875,632.967041015625,419.0625,34.0,2.0,44.0
2021-10-15 19:18:15.240,S4,R2,610.4615478515625,160.3125,610.4615478515625,199.6875,582.3297119140625,199.6875,542.945068359375,160.3125,526.06591796875,126.5625,644.2197875976562,199.6875,672.3516845703125,171.5625,694.857177734375,126.5625,599.2088012695312,295.3125,604.835205078125,362.8125,604.835205078125,419.0625,638.5934448242188,295.3125,632.967041015625,357.1875,632.967041015625,419.0625,33.0,-3.0,47.0
2021-10-15 19:18:15.270,S4,R2,610.4615478515625,160.3125,610.4615478515625,199.6875,582.3297119140625,199.6875,542.945068359375,154.6875,537.3186645507812,109.6875,644.2197875976562,199.6875,672.3516845703125,165.9375,683.6044311523438,115.3125,599.2088012695312,295.3125,599.2088012695312,362.8125,604.835205078125,419.0625,638.5934448242188,295.3125,632.967041015625,357.1875,632.967041015625,419.0625,31.0,1.0,53.0
2021-10-15 19:18:15.300,S4,R2,610.4615478515625,165.9375,610.4615478515625,199.6875,582.3297119140625,199.6875,554.1978149414062,160.3125,554.1978149414062,109.6875,644.2197875976562,194.0625,672.3516845703125,160.3125,666.7252807617188,109.6875,599.2088012695312,295.3125,599.2088012695312,362.8125,604.835205078125,424.6875,638.5934448242188,295.3125,632.967041015625,362.8125,632.967041015625,419.0625,37.0,9.0,50.0
2021-10-15 19:18:15.330,S4,R2,604.835205078125,160.3125,610.4615478515625,194.0625,582.3297119140625,194.0625,554.1978149414062,154.6875,559.82421875,109.6875,644.2197875976562,194.0625,672.3516845703125,154.6875,661.0989379882812,109.6875,599.2088012695312,295.3125,599.2088012695312,362.8125,604.835205078125,424.6875,638.5934448242188,295.3125,632.967041015625,362.8125,632.967041015625,419.0625,40.0,-2.0,54.0
2021-10-15 19:18:15.360,S4,R2,610.4615478515625,160.3125,604.835205078125,194.0625,582.3297119140625,194.0625,559.82421875,160.3125,571.0769653320312,115.3125,644.2197875976562,194.0625,666.7252807617188,160.3125,655.4725341796875,109.6875,599.2088012695312,295.3125,599.2088012695312,362.8125,599.2088012695312,424.6875,638.5934448242188,289.6875,627.3406982421875,362.8125,627.3406982421875,419.0625,39.0,6.0,58.0
2021-10-15 19:18:15.390,S4,R2,610.4615478515625,160.3125,604.835205078125,194.0625,582.3297119140625,194.0625,565.4505615234375,154.6875,576.7033081054688,109.6875,644.2197875976562,194.0625,666.7252807617188,154.6875,655.4725341796875,109.6875,599.2088012695312,295.3125,599.2088012695312,362.8125,599.2088012695312,424.6875,638.5934448242188,295.3125,627.3406982421875,357.1875,632.967041015625,419.0625,41.0,2.0,56.0
2021-10-15 19:18:15.420,S4,R2,610.4615478515625,160.3125,604.835205078125,194.0625,582.3297119140625,194.0625,565.4505615234375,154.6875,571.0769653320312,104.0625,644.2197875976562,188.4375,666.7252807617188,160.3125,655.4725341796875,109.6875,599.2088012695312,295.3125,599.2088012695312,362.8125,599.2088012695312,424.6875,638.5934448242188,295.3125,627.3406982421875,362.8125,632.967041015625,419.0625,42.0,0.0,52.0
2021-10-15 19:18:15.450,S4,R2,616.0879516601562,160.3125,610.4615478515625,194.0625,582.3297119140625,194.0625,559.82421875,154.6875,559.82421875,104.0625,644.2197875976562,188.4375,666.7252807617188,160.3125,666.7252807617188,109.6875,599.2088012695312,295.3125,599.2088012695312,362.8125,604.835205078125,424.6875,638.5934448242188,295.3125,627.3406982421875,362.8125,632.967041015625,419.0625,23.0,4.0,49.0
2021-10-15 19:18:15.480,S4,R2,616.0879516601562,160.3125,610.4615478515625,199.6875,582.3297119140625,194.0625,559.82421875,154.6875,548.5714721679688,104.0625,644.2197875976562,194.0625,672.3516845703125,160.3125,677.97802734375,109.6875,593.5824584960938,295.3125,599.2088012695312,362.8125,599.2088012695312,424.6875,638.5934448242188,295.3125,627.3406982421875,362.8125,632.967041015625,419.0625,-10.0,0.0,49.0
2021-10-15 19:18:15.510,S4,R2,610.4615478515625,160.3125,610.4615478515625,199.6875,582.3297119140625,194.0625,548.5714721679688,154.6875,537.3186645507812,109.6875,649.84619140625,194.0625,677.97802734375,165.9375,694.857177734375,115.3125,599.2088012695312,295.3125,599.2088012695312,362.8125,599.2088012695312,424.6875,638.5934448242188,295.3125,627.3406982421875,362.8125,627.3406982421875,419.0625,-5.0,1.0,39.0
2021-10-15 19:18:15.540,S4,R2,610.4615478515625,160.3125,610.4615478515625,199.6875,582.3297119140625,194.0625,542.945068359375,160.3125,520.4395751953125,120.9375,644.2197875976562,199.6875,677.97802734375,171.5625,706.1099243164062,126.5625,593.5824584960938,295.3125,599.2088012695312,362.8125,599.2088012695312,424.6875,632.967041015625,295.3125,627.3406982421875,362.8125,627.3406982421875,419.0625,55.0,5.0,34.0
2021-10-15 19:18:15.570,S4,R2,616.0879516601562,160.3125,610.4615478515625,199.6875,582.3297119140625,194.0625,542.945068359375,177.1875,509.18682861328125,137.8125,644.2197875976562,194.0625,683.6044311523438,182.8125,717.3626708984375,149.0625,599.2088012695312,295.3125,599.2088012695312,362.8125,604.835205078125,424.6875,638.5934448242188,295.3125,627.3406982421875,362.8125,627.3406982421875,419.0625,68.0,1.0,27.0
2021-10-15 19:18:15.600,S4,R2,616.0879516601562,165.9375,610.4615478515625,199.6875,582.3297119140625,199.6875,531.6923217773438,182.8125,497.93408203125,149.0625,644.2197875976562,199.6875,689.2307739257812,188.4375,728.6154174804688,160.3125,593.5824584960938,295.3125,599.2088012695312,362.8125,599.2088012695312,424.6875,632.967041015625,295.3125,627.3406982421875,362.8125,627.3406982421875,419.0625,96.0,-5.0,25.0
2021-10-15 19:18:15.630,S4,R2,610.4615478515625,165.9375,616.0879516601562,205.3125,582.3297119140625,199.6875,537.3186645507812,188.4375,492.3077087402344,171.5625,644.2197875976562,199.6875,689.2307739257812,194.0625,739.8681640625,188.4375,593.5824584960938,295.3125,599.2088012695312,362.8125,599.2088012695312,424.6875,632.967041015625,295.3125,627.3406982421875,362.8125,627.3406982421875,419.0625,104.0,3.0,27.0
2021-10-15 19:18:15.660,S4,R2,616.0879516601562,165.9375,610.4615478515625,199.6875,582.3297119140625,199.6875,537.3186645507812,199.6875,492.3077087402344,194.0625,644.2197875976562,199.6875,677.97802734375,205.3125,734.2417602539062,205.3125,593.5824584960938,295.3125,599.2088012695312,362.8125,599.2088012695312,424.6875,632.967041015625,295.3125,627.3406982421875,362.8125,627.3406982421875,419.0625,77.0,5.0,16.0
2021-10-15 19:18:15.690,S4,R2,616.0879516601562,165.9375,610.4615478515625,205.3125,582.3297119140625,199.6875,537.3186645507812,210.9375,486.68133544921875,210.9375,644.2197875976562,199.6875,677.97802734375,216.5625,728.6154174804688,227.8125,599.2088012695312,295.3125,599.2088012695312,362.8125,604.835205078125,424.6875,632.967041015625,295.3125,627.3406982421875,362.8125,627.3406982421875,419.0625,34.0,-8.0,18.0
2021-10-15 19:18:15.720,S4,R2,616.0879516601562,165.9375,610.4615478515625,205.3125,582.3297119140625,199.6875,542.945068359375,222.1875,492.3077087402344,227.8125,644.2197875976562,205.3125,677.97802734375,227.8125,711.7362670898438,239.0625,593.5824584960938,295.3125,599.2088012695312,357.1875,599.2088012695312,424.6875,632.967041015625,289.6875,627.3406982421875,362.8125,627.3406982421875,419.0625,61.0,-1.0,36.0
2021-10-15 19:18:15.750,S4,R2,616.0879516601562,165.9375,610.4615478515625,205.3125,582.3297119140625,199.6875,542.945068359375,227.8125,503.5604553222656,250.3125,644.2197875976562,205.3125,672.3516845703125,233.4375,706.1099243164062,267.1875,593.5824584960938,295.3125,599.2088012695312,362.8125,599.2088012695312,424.6875,632.967041015625,295.3125,627.3406982421875,362.8125,627.3406982421875,419.0625,50.0,4.0,33.0
2021-10-15 19:18:15.780,S4,R2,616.0879516601562,165.9375,610.4615478515625,205.3125,582.3297119140625,199.6875,542.945068359375,239.0625,509.18682861328125,261.5625,644.2197875976562,205.3125,672.3516845703125,244.6875,689.2307739257812,278.4375,593.5824584960938,295.3125,599.2088012695312,362.8125,604.835205078125,424.6875,632.967041015625,295.3125,627.3406982421875,362.8125,627.3406982421875,419.0625,44.0,-2.0,41.0
2021-10-15 19:18:15.810,S4,R2,616.0879516601562,165.9375,610.4615478515625,205.3125,582.3297119140625,205.3125,554.1978149414062,244.6875,531.6923217773438,272.8125,644.2197875976562,199.6875,661.0989379882812,244.6875,683.6044311523438,284.0625,593.5824584960938,295.3125,599.2088012695312,357.1875,599.2088012695312,424.6875,632.967041015625,289.6875,627.3406982421875,362.8125,627.3406982421875,419.0625,54.0,-1.0,46.0
2021-10-15 19:18:15.840,S4,R2,616.0879516601562,165.9375,610.4615478515625,205.3125,582.3297119140625,205.3125,559.82421875,250.3125,542.945068359375,278.4375,644.2197875976562,199.6875,655.4725341796875,250.3125,672.3516845703125,284.0625,593.5824584960938,295.3125,599.2088012695312,362.8125,599.2088012695312,424.6875,632.967041015625,289.6875,627.3406982421875,362.8125,627.3406982421875,419.0625,35.0,4.0,47.0
2021-10-15 19:18:15.870,S4,R2,616.0879516601562,165.9375,610.4615478515625,205.3125,582.3297119140625,205.3125,559.82421875,250.3125,548.5714721679688,284.0625,644.2197875976562,205.3125,649.84619140625,250.3125,661.0989379882812,284.0625,593.5824584960938,295.3125,599.2088012695312,362.8125,599.2088012695312,424.6875,632.967041015625,295.3125,627.3406982421875,362.8125,627.3406982421875,419.0625,20.0,2.0,46.0
2021-10-15 19:18:15.900,S4,R2,616.0879516601562,165.9375,610.4615478515625,205.3125,582.3297119140625,205.3125,565.4505615234375,250.3125,559.82421875,289.6875,644.2197875976562,205.3125,649.84619140625,250.3125,655.4725341796875,284.0625,593.5824584960938,295.3125,599.2088012695312,362.8125,599.2088012695312,424.6875,632.967041015625,295.3125,627.3406982421875,362.8125,627.3406982421875,419.0625,22.0,1.5,48.0
2021-10-15 19:18:15.930,S4,R2,616.0879516601562,165.9375,610.4615478515625,205.3125,582.3297119140625,205.3125,565.4505615234375,250.3125,559.82421875,289.6875,644.2197875976562,205.3125,649.84619140625,250.3125,655.4725341796875,284.0625,593.5824584960938,295.3125,599.2088012695312,362.8125,599.2088012695312,424.6875,632.967041015625,295.3125,627.3406982421875,362.8125,627.3406982421875,419.0625,24.0,1.0,50.0
2021-10-15 19:18:15.960,S4,R2,616.0879516601562,165.9375,610.4615478515625,205.3125,582.3297119140625,205.3125,565.4505615234375,250.3125,559.82421875,289.6875,644.2197875976562,205.3125,655.4725341796875,250.3125,655.4725341796875,289.6875,593.5824584960938,295.3125,599.2088012695312,362.8125,599.2088012695312,424.6875,632.967041015625,295.3125,627.3406982421875,362.8125,627.3406982421875,419.0625,19.0,4.0,57.0
2021-10-15 19:18:15.990,S4,R2,616.0879516601562,165.9375,610.4615478515625,205.3125,582.3297119140625,205.3125,565.4505615234375,250.3125,565.4505615234375,295.3125,644.2197875976562,205.3125,655.4725341796875,250.3125,661.0989379882812,289.6875,593.5824584960938,295.3125,599.2088012695312,362.8125,599.2088012695312,424.6875,632.967041015625,295.3125,627.3406982421875,362.8125,627.3406982421875,419.0625,16.0,1.0,60.0
2021-10-15 19:18:16.020,S4,R2,616.0879516601562,165.9375,610.4615478515625,205.3125,582.3297119140625,205.3125,565.4505615234375,250.3125,565.4505615234375,295.3125,644.2197875976562,199.6875,655.4725341796875,250.3125,661.0989379882812,289.6875,593.5824584960938,295.3125,599.2088012695312,362.8125,599.2088012695312,424.6875,632.967041015625,295.3125,627.3406982421875,362.8125,627.3406982421875,419.0625,19.0,3.0,64.0
2021-10-15 19:18:16.050,S4,R2,616.0879516601562,165.9375,610.4615478515625,205.3125,582.3297119140625,205.3125,565.4505615234375,250.3125,565.4505615234375,295.3125,644.2197875976562,205.3125,649.84619140625,250.3125,661.0989379882812,295.3125,593.5824584960938,295.3125,593.5824584960938,362.8125,599.2088012695312,424.6875,632.967041015625,295.3125,627.3406982421875,362.8125,627.3406982421875,419.0625,13.0,3.0,67.0
2021-10-15 19:18:16.080,S4,R2,616.0879516601562,165.9375,610.4615478515625,205.3125,582.3297119140625,205.3125,565.4505615234375,250.3125,565.4505615234375,295.3125,644.2197875976562,199.6875,649.84619140625,250.3125,661.0989379882812,295.3125,593.5824584960938,300.9375,593.5824584960938,362.8125,599.2088012695312,424.6875,632.967041015625,295.3125,627.3406982421875,362.8125,627.3406982421875,419.0625,8.0,5.0,61.0
2021-10-15 19:18:16.110,S4,R2,610.4615478515625,171.5625,610.4615478515625,210.9375,582.3297119140625,210.9375,565.4505615234375,255.9375,565.4505615234375,300.9375,644.2197875976562,205.3125,655.4725341796875,255.9375,666.7252807617188,295.3125,593.5824584960938,300.9375,593.5824584960938,362.8125,599.2088012695312,424.6875,632.967041015625,300.9375,627.3406982421875,362.8125,627.3406982421875,419.0625,16.0,3.0,61.0
2021-10-15 19:18:16.140,S4,R2,616.0879516601562,177.1875,610.4615478515625,222.1875,582.3297119140625,216.5625,565.4505615234375,267.1875,565.4505615234375,306.5625,649.84619140625,216.5625,655.4725341796875,255.9375,666.7252807617188,300.9375,593.5824584960938,306.5625,599.2088012695312,368.4375,599.2088012695312,424.6875,632.967041015625,306.5625,632.967041015625,362.8125,627.3406982421875,419.0625,14.0,5.0,63.0
2021-10-15 19:18:16.170,S4,R2,616.0879516601562,188.4375,610.4615478515625,222.1875,582.3297119140625,227.8125,565.4505615234375,272.8125,565.4505615234375,312.1875,649.84619140625,222.1875,655.4725341796875,267.1875,672.3516845703125,306.5625,593.5824584960938,312.1875,599.2088012695312,368.4375,604.835205078125,430.3125,632.967041015625,306.5625,638.5934448242188,368.4375,627.3406982421875,419.0625,12.0,2.0,61.0
2021-10-15 19:18:16.200,S4,R2,616.0879516601562,194.0625,610.4615478515625,227.8125,582.3297119140625,233.4375,565.4505615234375,272.8125,571.0769653320312,317.8125,649.84619140625,227.8125,661.0989379882812,267.1875,672.3516845703125,306.5625,593.5824584960938,317.8125,599.2088012695312,374.0625,604.835205078125,430.3125,632.967041015625,312.1875,638.5934448242188,374.0625,627.3406982421875,419.0625,18.0,5.0,62.0
2021-10-15 19:18:16.230,S4,R2,616.0879516601562,205.3125,610.4615478515625,233.4375,582.3297119140625,233.4375,565.4505615234375,278.4375,565.4505615234375,317.8125,649.84619140625,233.4375,655.4725341796875,272.8125,677.97802734375,306.5625,593.5824584960938,317.8125,599.2088012695312,379.6875,604.835205078125,430.3125,632.967041015625,317.8125,638.5934448242188,374.0625,627.3406982421875,424.6875,15.0,3.0,61.0
2021-10-15 19:18:16.260,S4,R2,610.4615478515625,199.6875,610.4615478515625,233.4375,582.3297119140625,233.4375,559.82421875,272.8125,571.0769653320312,317.8125,649.84619140625,233.4375,655.4725341796875,272.8125,677.97802734375,300.9375,593.5824584960938,317.8125,599.2088012695312,379.6875,604.835205078125,430.3125,632.967041015625,317.8125,638.5934448242188,374.0625,627.3406982421875,419.0625,14.0,1.0,58.0
2021-10-15 19:18:16.290,S4,R2,616.0879516601562,194.0625,610.4615478515625,227.8125,582.3297119140625,227.8125,565.4505615234375,261.5625,565.4505615234375,295.3125,644.2197875976562,227.8125,661.0989379882812,267.1875,677.97802734375,284.0625,593.5824584960938,312.1875,599.2088012695312,374.0625,604.835205078125,430.3125,632.967041015625,312.1875,638.5934448242188,368.4375,627.3406982421875,419.0625,17.0,6.0,51.0
2021-10-15 19:18:16.320,S4,R2,616.0879516601562,194.0625,610.4615478515625,222.1875,582.3297119140625,216.5625,565.4505615234375,255.9375,565.4505615234375,284.0625,644.2197875976562,216.5625,666.7252807617188,261.5625,661.0989379882812,272.8125,599.2088012695312,312.1875,599.2088012695312,368.4375,610.4615478515625,430.3125,638.5934448242188,306.5625,638.5934448242188,368.4375,632.967041015625,419.0625,23.0,1.0,51.0
2021-10-15 19:18:16.350,S4,R2,621.7142944335938,165.9375,610.4615478515625,205.3125,582.3297119140625,205.3125,565.4505615234375,244.6875,571.0769653320312,278.4375,644.2197875976562,205.3125,666.7252807617188,250.3125,666.7252807617188,233.4375,599.2088012695312,300.9375,604.835205078125,362.8125,610.4615478515625,430.3125,638.5934448242188,295.3125,632.967041015625,362.8125,616.0879516601562,424.6875,22.0,3.0,57.0
2021-10-15 19:18:16.380,S4,R2,604.835205078125,165.9375,610.4615478515625,188.4375,649.84619140625,194.0625,672.3516845703125,239.0625,649.84619140625,205.3125,576.7033081054688,188.4375,559.82421875,233.4375,554.1978149414062,216.5625,638.5934448242188,289.6875,638.5934448242188,357.1875,632.967041015625,419.0625,599.2088012695312,289.6875,599.2088012695312,362.8125,599.2088012695312,424.6875,25.0,3.0,60.0
2021-10-15 19:18:16.410,S4,R2,616.0879516601562,149.0625,616.0879516601562,177.1875,582.3297119140625,182.8125,559.82421875,222.1875,565.4505615234375,255.9375,649.84619140625,182.8125,672.3516845703125,233.4375,661.0989379882812,210.9375,599.2088012695312,278.4375,599.2088012695312,345.9375,599.2088012695312,419.0625,638.5934448242188,278.4375,638.5934448242188,345.9375,638.5934448242188,413.4375,36.0,5.0,60.0
2021-10-15 19:18:16.440,S4,R2,616.0879516601562,132.1875,616.0879516601562,165.9375,587.9560546875,165.9375,559.82421875,210.9375,565.4505615234375,205.3125,649.84619140625,165.9375,677.97802734375,216.5625,666.7252807617188,199.6875,593.5824584960938,267.1875,593.5824584960938,340.3125,599.2088012695312,407.8125,638.5934448242188,267.1875,638.5934448242188,334.6875,644.2197875976562,407.8125,31.0,5.0,34.0
2021-10-15 19:18:16.470,S4,R2,616.0879516601562,126.5625,616.0879516601562,160.3125,587.9560546875,160.3125,559.82421875,205.3125,565.4505615234375,205.3125,649.84619140625,160.3125,672.3516845703125,205.3125,661.0989074707031,188.4375,593.5824584960938,255.9375,587.9560546875,323.4375,593.5824584960938,396.5625,638.5934448242188,255.9375,644.2197875976562,329.0625,638.5934448242188,390.9375,-2.0,12.0,-10.0
2021-10-15 19:18:16.500,S4,R2,616.0879516601562,126.5625,616.0879516601562,160.3125,587.9560546875,160.3125,559.82421875,205.3125,565.4505615234375,205.3125,649.84619140625,160.3125,672.3516845703125,205.3125,655.4725341796875,177.1875,593.5824584960938,250.3125,582.3297119140625,312.1875,599.2088012695312,379.6875,638.5934448242188,250.3125,655.4725341796875,317.8125,644.2197875976562,379.6875,-5.0,19.0,-8.0
2021-10-15 19:18:16.530,S4,R2,616.0879516601562,126.5625,616.0879516601562,160.3125,587.9560546875,154.6875,565.4505615234375,199.6875,565.4505615234375,205.3125,649.84619140625,160.3125,677.97802734375,205.3125,655.4725341796875,177.1875,593.5824584960938,244.6875,576.7033081054688,300.9375,599.2088012695312,362.8125,638.5934448242188,250.3125,655.4725341796875,300.9375,644.2197875976562,357.1875,23.0,15.0,15.0
2021-10-15 19:18:16.560,S4,R2,616.0879516601562,120.9375,616.0879516601562,160.3125,587.9560546875,160.3125,565.4505615234375,199.6875,559.82421875,210.9375,649.84619140625,160.3125,677.97802734375,210.9375,655.4725341796875,177.1875,599.2088012695312,244.6875,576.7033081054688,295.3125,599.2088012695312,345.9375,638.5934448242188,244.6875,661.0989379882812,295.3125,644.2197875976562,351.5625,21.0,17.0,26.0
2021-10-15 19:18:16.590,S4,R2,616.0879516601562,120.9375,616.0879516601562,160.3125,587.9560546875,160.3125,559.82421875,205.3125,559.82421875,210.9375,644.2197875976562,160.3125,672.3516845703125,210.9375,655.4725341796875,177.1875,593.5824584960938,244.6875,571.0769653320312,300.9375,599.2088012695312,340.3125,638.5934448242188,244.6875,661.0989379882812,295.3125,644.2197875976562,351.5625,-7.0,12.0,24.0
2021-10-15 19:18:16.620,S4,R2,610.4615478515625,132.1875,610.4615478515625,165.9375,587.9560546875,165.9375,559.82421875,210.9375,565.4505615234375,205.3125,649.84619140625,165.9375,672.3516845703125,210.9375,649.84619140625,182.8125,593.5824584960938,244.6875,571.0769653320312,295.3125,599.2088012695312,345.9375,632.967041015625,250.3125,661.0989379882812,295.3125,644.2197875976562,351.5625,4.0,13.0,58.0
2021-10-15 19:18:16.650,S4,R2,610.4615478515625,137.8125,610.4615478515625,171.5625,587.9560546875,171.5625,559.82421875,222.1875,582.3297119140625,205.3125,649.84619140625,171.5625,666.7252807617188,222.1875,655.4725341796875,199.6875,593.5824584960938,255.9375,571.0769653320312,306.5625,593.5824584960938,357.1875,632.967041015625,255.9375,655.4725341796875,312.1875,644.2197875976562,368.4375,24.0,38.0,91.0
2021-10-15 19:18:16.680,S4,R2,610.4615478515625,143.4375,610.4615478515625,177.1875,582.3297119140625,182.8125,565.4505615234375,233.4375,587.9560546875,216.5625,644.2197875976562,177.1875,661.0989379882812,227.8125,652.6593627929688,210.9375,593.5824584960938,267.1875,576.7033081054688,317.8125,587.9560546875,385.3125,632.967041015625,267.1875,649.84619140625,323.4375,644.2197875976562,385.3125,44.0,63.0,124.0
2021-10-15 19:18:16.710,S4,R2,610.4615478515625,143.4375,610.4615478515625,182.8125,582.3297119140625,188.4375,565.4505615234375,239.0625,587.9560546875,222.1875,644.2197875976562,182.8125,661.0989379882812,227.8125,649.84619140625,222.1875,593.5824584960938,272.8125,582.3297119140625,340.3125,582.3297119140625,407.8125,632.967041015625,272.8125,644.2197875976562,340.3125,649.84619140625,407.8125,56.0,64.0,127.0
2021-10-15 19:18:16.740,S4,R2,610.4615478515625,160.3125,610.4615478515625,194.0625,582.3297119140625,194.0625,565.4505615234375,250.3125,593.5824584960938,227.8125,644.2197875976562,194.0625,661.0989379882812,244.6875,649.84619140625,222.1875,593.5824584960938,284.0625,582.3297119140625,357.1875,576.7033081054688,430.3125,632.967041015625,289.6875,638.5934448242188,357.1875,644.2197875976562,424.6875,117.0,83.0,127.0
2021-10-15 19:18:16.770,S4,R2,610.4615478515625,171.5625,610.4615478515625,205.3125,582.3297119140625,210.9375,565.4505615234375,255.9375,559.82421875,278.4375,644.2197875976562,205.3125,661.0989379882812,255.9375,649.84619140625,233.4375,593.5824584960938,300.9375,587.9560546875,368.4375,576.7033081054688,435.9375,632.967041015625,295.3125,638.5934448242188,368.4375,638.5934448242188,430.3125,127.0,65.0,127.0
2021-10-15 19:18:16.800,S4,R2,616.0879516601562,182.8125,610.4615478515625,222.1875,582.3297119140625,222.1875,565.4505615234375,272.8125,582.3297119140625,261.5625,644.2197875976562,222.1875,661.0989379882812,267.1875,644.2197875976562,250.3125,593.5824584960938,306.5625,587.9560546875,374.0625,582.3297119140625,435.9375,632.967041015625,306.5625,638.5934448242188,368.4375,644.2197875976562,430.3125,116.0,72.0,127.0
2021-10-15 19:18:16.830,S4,R2,616.0879516601562,188.4375,610.4615478515625,222.1875,576.7033081054688,227.8125,559.82421875,278.4375,587.9560546875,261.5625,644.2197875976562,222.1875,655.4725341796875,267.1875,638.5934448242188,250.3125,593.5824584960938,312.1875,587.9560546875,374.0625,576.7033081054688,435.9375,632.967041015625,306.5625,638.5934448242188,374.0625,644.2197875976562,430.3125,110.0,100.0,127.0
2021-10-15 19:18:16.860,S4,R2,616.0879516601562,188.4375,610.4615478515625,222.1875,582.3297119140625,222.1875,559.82421875,272.8125,587.9560546875,267.1875,644.2197875976562,222.1875,655.4725341796875,267.1875,632.967041015625,261.5625,593.5824584960938,312.1875,587.9560546875,374.0625,582.3297119140625,435.9375,632.967041015625,306.5625,638.5934448242188,368.4375,644.2197875976562,430.3125,91.0,114.0,114.0
2021-10-15 19:18:16.890,S4,R2,616.0879516601562,177.1875,610.4615478515625,216.5625,582.3297119140625,216.5625,559.82421875,261.5625,571.0769653320312,284.0625,649.84619140625,216.5625,655.4725341796875,267.1875,638.5934448242188,272.8125,587.9560546875,306.5625,582.3297119140625,368.4375,582.3297119140625,435.9375,632.967041015625,306.5625,638.5934448242188,368.4375,644.2197875976562,430.3125,77.0,123.0,81.0
2021-10-15 19:18:16.920,S4,R2,621.7142944335938,165.9375,610.4615478515625,205.3125,576.7033081054688,205.3125,559.82421875,250.3125,582.3297119140625,278.4375,644.2197875976562,205.3125,649.84619140625,255.9375,644.2197875976562,284.0625,587.9560546875,300.9375,587.9560546875,368.4375,582.3297119140625,430.3125,632.967041015625,300.9375,638.5934448242188,362.8125,644.2197875976562,430.3125,58.0,117.0,47.0
2021-10-15 19:18:16.950,S4,R2,621.7142944335938,165.9375,610.4615478515625,205.3125,576.7033081054688,199.6875,559.82421875,244.6875,576.7033081054688,272.8125,644.2197875976562,205.3125,649.84619140625,250.3125,649.84619140625,278.4375,587.9560546875,295.3125,587.9560546875,362.8125,582.3297119140625,430.3125,632.967041015625,295.3125,638.5934448242188,362.8125,644.2197875976562,424.6875,52.0,103.0,32.0
2021-10-15 19:18:16.980,S4,R2,616.0879516601562,165.9375,610.4615478515625,199.6875,576.7033081054688,199.6875,554.1978149414062,244.6875,576.7033081054688,272.8125,638.5934448242188,199.6875,649.84619140625,244.6875,655.4725341796875,284.0625,587.9560546875,295.3125,587.9560546875,362.8125,576.7033081054688,435.9375,627.3406982421875,295.3125,638.5934448242188,357.1875,638.5934448242188,424.6875,49.0,95.0,16.0
2021-10-15 19:18:17.010,S4,R2,621.7142944335938,160.3125,610.4615478515625,199.6875,576.7033081054688,194.0625,554.1978149414062,239.0625,576.7033081054688,267.1875,638.5934448242188,194.0625,649.84619140625,244.6875,655.4725341796875,284.0625,587.9560546875,295.3125,587.9560546875,362.8125,576.7033081054688,430.3125,627.3406982421875,295.3125,638.5934448242188,357.1875,638.5934448242188,424.6875,50.0,99.0,9.0
2021-10-15 19:18:17.040,S4,R2,621.7142944335938,160.3125,604.835205078125,194.0625,576.7033081054688,194.0625,548.5714721679688,227.8125,576.7033081054688,267.1875,638.5934448242188,194.0625,649.84619140625,244.6875,655.4725341796875,284.0625,587.9560546875,295.3125,587.9560546875,362.8125,576.7033081054688,435.9375,627.3406982421875,289.6875,632.967041015625,357.1875,638.5934448242188,424.6875,30.0,112.0,-8.0
2021-10-15 19:18:17.070,S4,R2,616.0879516601562,160.3125,610.4615478515625,194.0625,576.7033081054688,194.0625,548.5714721679688,233.4375,571.0769653320312,267.1875,638.5934448242188,194.0625,644.2197875976562,250.3125,655.4725341796875,289.6875,587.9560546875,295.3125,587.9560546875,362.8125,576.7033081054688,435.9375,627.3406982421875,289.6875,632.967041015625,357.1875,638.5934448242188,424.6875,-74.0,119.0,-20.0
2021-10-15 19:18:17.100,S4,R2,616.0879516601562,160.3125,604.835205078125,199.6875,576.7033081054688,194.0625,542.945068359375,239.0625,571.0769653320312,272.8125,638.5934448242188,199.6875,644.2197875976562,250.3125,655.4725341796875,289.6875,587.9560546875,295.3125,587.9560546875,362.8125,576.7033081054688,430.3125,627.3406982421875,289.6875,632.967041015625,362.8125,638.5934448242188,424.6875,-128.0,37.0,-91.0
2021-10-15 19:18:17.130,S4,R2,621.7142944335938,160.3125,604.835205078125,199.6875,576.7033081054688,199.6875,548.5714721679688,244.6875,576.7033081054688,272.8125,638.5934448242188,205.3125,649.84619140625,250.3125,661.0989379882812,289.6875,587.9560546875,295.3125,587.9560546875,362.8125,571.0769653320312,430.3125,627.3406982421875,295.3125,632.967041015625,362.8125,638.5934448242188,424.6875,-128.0,-10.0,-115.0
2021-10-15 19:18:17.160,S4,R2,621.7142944335938,165.9375,604.835205078125,205.3125,576.7033081054688,199.6875,548.5714721679688,244.6875,576.7033081054688,272.8125,638.5934448242188,205.3125,644.2197875976562,250.3125,655.4725341796875,289.6875,582.3297119140625,295.3125,587.9560546875,362.8125,571.0769653320312,430.3125,627.3406982421875,295.3125,632.967041015625,357.1875,638.5934448242188,424.6875,-128.0,18.0,-90.0
2021-10-15 19:18:17.190,S4,R2,621.7142944335938,165.9375,604.835205078125,205.3125,576.7033081054688,205.3125,548.5714721679688,250.3125,576.7033081054688,272.8125,632.967041015625,205.3125,644.2197875976562,250.3125,655.4725341796875,289.6875,582.3297119140625,295.3125,582.3297119140625,362.8125,571.0769653320312,430.3125,621.7142944335938,295.3125,632.967041015625,357.1875,638.5934448242188,424.6875,-128.0,41.0,-74.0
2021-10-15 19:18:17.220,S4,R2,621.7142944335938,165.9375,604.835205078125,205.3125,582.3297119140625,205.3125,548.5714721679688,250.3125,582.3297119140625,278.4375,632.967041015625,210.9375,644.2197875976562,255.9375,661.0989379882812,289.6875,582.3297119140625,295.3125,582.3297119140625,362.8125,571.0769653320312,430.3125,621.7142944335938,300.9375,632.967041015625,357.1875,638.5934448242188,424.6875,-100.0,49.0,-52.0
2021-10-15 19:18:17.250,S4,R2,621.7142944335938,165.9375,604.835205078125,205.3125,587.9560546875,199.6875,554.1978149414062,250.3125,587.9560546875,278.4375,627.3406982421875,205.3125,632.967041015625,250.3125,655.4725341796875,284.0625,582.3297119140625,295.3125,582.3297119140625,362.8125,571.0769653320312,430.3125,621.7142944335938,300.9375,632.967041015625,357.1875,638.5934448242188,424.6875,-38.0,63.0,-35.0
2021-10-15 19:18:17.280,S4,R2,621.7142944335938,165.9375,599.2088012695312,199.6875,582.3297119140625,199.6875,554.1978149414062,250.3125,593.5824584960938,278.4375,621.7142944335938,199.6875,627.3406982421875,250.3125,655.4725341796875,278.4375,582.3297119140625,295.3125,582.3297119140625,362.8125,571.0769653320312,430.3125,616.0879516601562,300.9375,632.967041015625,357.1875,638.5934448242188,424.6875,-16.0,69.0,-28.0
2021-10-15 19:18:17.310,S4,R2,627.3406982421875,165.9375,599.2088012695312,205.3125,582.3297119140625,199.6875,559.82421875,250.3125,593.5824584960938,278.4375,621.7142944335938,199.6875,627.3406982421875,244.6875,655.4725341796875,278.4375,582.3297119140625,295.3125,582.3297119140625,357.1875,571.0769653320312,424.6875,616.0879516601562,295.3125,627.3406982421875,357.1875,638.5934448242188,419.0625,7.0,73.0,-24.0
2021-10-15 19:18:17.340,S4,R2,627.3406982421875,165.9375,599.2088012695312,205.3125,582.3297119140625,199.6875,571.0769653320312,250.3125,610.4615478515625,278.4375,616.0879516601562,199.6875,621.7142944335938,250.3125,649.84619140625,278.4375,582.3297119140625,295.3125,582.3297119140625,357.1875,571.0769653320312,424.6875,616.0879516601562,295.3125,632.967041015625,351.5625,638.5934448242188,419.0625,5.0,71.0,-23.0
2021-10-15 19:18:17.370,S4,R2,627.3406982421875,165.9375,599.2088012695312,205.3125,587.9560546875,199.6875,576.7033081054688,250.3125,616.0879516601562,278.4375,616.0879516601562,199.6875,621.7142944335938,250.3125,644.2197875976562,272.8125,582.3297119140625,295.3125,582.3297119140625,357.1875,571.0769653320312,424.6875,616.0879516601562,295.3125,632.967041015625,351.5625,638.5934448242188,419.0625,17.0,122.0,-29.0
2021-10-15 19:18:17.400,S4,R2,632.967041015625,165.9375,599.2088012695312,199.6875,587.9560546875,199.6875,576.7033081054688,250.3125,621.7142944335938,278.4375,610.4615478515625,194.0625,616.0879516601562,250.3125,638.5934448242188,272.8125,582.3297119140625,289.6875,582.3297119140625,357.1875,571.0769653320312,424.6875,610.4615478515625,295.3125,632.967041015625,351.5625,644.2197875976562,413.4375,32.5,124.5,-29.0
2021-10-15 19:18:17.430,S4,R2,632.967041015625,165.9375,599.2088012695312,199.6875,593.5824584960938,199.6875,582.3297119140625,250.3125,627.3406982421875,272.8125,610.4615478515625,199.6875,616.0879516601562,250.3125,632.967041015625,267.1875,582.3297119140625,295.3125,582.3297119140625,357.1875,571.0769653320312,424.6875,610.4615478515625,295.3125,632.967041015625,351.5625,644.2197875976562,413.4375,48.0,127.0,-29.0
2021-10-15 19:18:17.460,S4,R2,638.5934448242188,165.9375,604.835205078125,199.6875,599.2088012695312,199.6875,587.9560546875,250.3125,632.967041015625,272.8125,610.4615478515625,199.6875,610.4615478515625,250.3125,632.967041015625,261.5625,587.9560546875,295.3125,582.3297119140625,357.1875,571.0769653320312,424.6875,610.4615478515625,295.3125,632.967041015625,345.9375,644.2197875976562,413.4375,66.0,127.0,-29.0
2021-10-15 19:18:17.490,S4,R2,638.5934448242188,165.9375,604.835205078125,199.6875,604.835205078125,199.6875,595.4578857421875,250.3125,634.8425089518229,272.8125,616.0879516601562,194.0625,610.4615478515625,250.3125,638.5934448242188,261.5625,587.9560546875,295.3125,587.9560546875,357.1875,571.0769653320312,424.6875,610.4615478515625,295.3125,638.5934448242188,345.9375,644.2197875976562,413.4375,106.0,127.0,4.0
2021-10-15 19:18:17.520,S4,R2,638.5934448242188,165.9375,604.835205078125,194.0625,604.835205078125,194.0625,602.959716796875,250.3125,636.7179768880209,272.8125,616.0879516601562,194.0625,616.0879516601562,250.3125,644.2197875976562,267.1875,587.9560546875,289.6875,587.9560546875,357.1875,571.0769653320312,424.6875,610.4615478515625,289.6875,638.5934448242188,340.3125,644.2197875976562,413.4375,114.0,127.0,0.0
2021-10-15 19:18:17.550,S4,R2,644.2197875976562,171.5625,604.835205078125,194.0625,610.4615478515625,199.6875,610.4615478515625,250.3125,638.5934448242188,272.8125,610.4615478515625,188.4375,616.0879516601562,250.3125,644.2197875976562,261.5625,587.9560546875,295.3125,587.9560546875,357.1875,571.0769653320312,424.6875,610.4615478515625,295.3125,644.2197875976562,345.9375,649.84619140625,413.4375,127.0,127.0,46.0
2021-10-15 19:18:17.580,S4,R2,649.84619140625,165.9375,610.4615478515625,194.0625,616.0879516601562,199.6875,610.4615478515625,250.3125,644.2197875976562,272.8125,616.0879313151041,190.3125,619.8388671875,252.1875,651.7216186523438,265.3125,593.5824584960938,289.6875,587.9560546875,357.1875,571.0769653320312,424.6875,610.4615478515625,295.3125,644.2197875976562,345.9375,644.2197875976562,413.4375,127.0,127.0,64.0
2021-10-15 19:18:17.610,S4,R2,655.4725646972656,168.75,745.4945068359375,255.9375,739.8681640625,255.9375,734.2417602539062,272.8125,734.2417602539062,278.4375,621.7143147786459,192.1875,623.5897827148438,254.0625,659.2234497070312,269.0625,734.2417602539062,278.4375,590.7692565917969,357.1875,571.0769653320312,424.6875,739.8681640625,272.8125,739.8681640625,278.4375,745.4945068359375,289.6875,127.0,127.0,127.0
2021-10-15 19:18:17.640,S4,R2,661.0989379882812,171.5625,627.3406982421875,199.6875,621.7142944335938,199.6875,616.0879516601562,250.3125,649.84619140625,272.8125,627.3406982421875,194.0625,627.3406982421875,255.9375,666.7252807617188,272.8125,604.835205078125,289.6875,593.5824584960938,357.1875,571.0769653320312,424.6875,621.7142944335938,295.3125,649.84619140625,345.9375,638.5934448242188,407.8125,127.0,68.0,127.0
2021-10-15 19:18:17.670,S4,R2,751.1209106445312,250.3125,745.4945068359375,255.9375,739.8681640625,255.9375,728.6154174804688,267.1875,728.6154174804688,278.4375,751.1209106445312,261.5625,751.1209106445312,272.8125,745.4945068359375,272.8125,728.6154174804688,278.4375,663.912109375,320.625,649.84619140625,362.8125,739.8681640625,278.4375,745.4945068359375,289.6875,734.2417602539062,300.9375,127.0,74.0,111.0
2021-10-15 19:18:17.700,S4,R2,751.1209106445312,250.3125,745.4945068359375,255.9375,739.8681640625,255.9375,728.6154174804688,267.1875,728.6154174804688,278.4375,751.1209106445312,255.9375,756.7472534179688,267.1875,751.1209106445312,272.8125,734.2417602539062,278.4375,734.2417602539062,284.0625,728.6154174804688,300.9375,739.8681640625,278.4375,745.4945068359375,289.6875,739.8681640625,300.9375,127.0,102.0,64.0
2021-10-15 19:18:17.730,S4,R2,751.1209106445312,255.9375,745.4945068359375,255.9375,739.8681640625,255.9375,734.2417602539062,267.1875,734.2417907714844,278.4375,751.1209106445312,255.9375,751.1209106445312,267.1875,751.1209106445312,272.8125,734.2417602539062,278.4375,734.2417602539062,284.0625,734.2417907714844,300.9375,745.4945068359375,278.4375,751.1209106445312,284.0625,713.1428833007812,329.0625,127.0,120.0,40.0
2021-10-15 19:18:17.760,S4,R2,751.1209106445312,250.3125,745.4945068359375,255.9375,739.8681640625,255.9375,728.6154174804688,272.8125,739.8681640625,278.4375,751.1209106445312,255.9375,756.7472534179688,267.1875,756.7472534179688,278.4375,734.2417602539062,278.4375,734.2417602539062,284.0625,739.8681640625,300.9375,745.4945068359375,278.4375,751.1209106445312,289.6875,686.4176025390625,357.1875,114.0,127.0,7.0
2021-10-15 19:18:17.790,S4,R2,751.1209106445312,250.3125,745.4945068359375,255.9375,739.8681640625,255.9375,734.2417602539062,272.8125,739.8681640625,278.4375,751.1209106445312,255.9375,756.7472534179688,267.1875,756.7472534179688,278.4375,739.8681640625,278.4375,689.2307739257812,317.8125,669.5384826660156,354.375,751.1209106445312,278.4375,751.1209106445312,289.6875,659.6923217773438,385.3125,95.0,127.0,-10.0
2021-10-15 19:18:17.820,S4,R2,700.4835205078125,171.5625,655.4725341796875,194.0625,666.7252807617188,194.0625,649.84619140625,239.0625,677.97802734375,267.1875,644.2197875976562,188.4375,649.84619140625,233.4375,689.2307739257812,272.8125,632.967041015625,284.0625,644.2197875976562,351.5625,599.2088012695312,407.8125,632.967041015625,278.4375,649.84619140625,362.8125,632.967041015625,413.4375,93.0,127.0,-12.0
2021-10-15 19:18:17.850,S4,R2,706.1099243164062,171.5625,666.7252807617188,194.0625,677.97802734375,194.0625,649.84619140625,239.0625,683.6044311523438,267.1875,655.4725341796875,188.4375,621.7142944335938,222.1875,683.6044311523438,261.5625,638.5934448242188,278.4375,649.84619140625,351.5625,610.4615478515625,407.8125,627.3406982421875,272.8125,649.84619140625,357.1875,638.5934448242188,407.8125,60.0,127.0,-18.0
2021-10-15 19:18:17.880,S4,R2,711.7362670898438,177.1875,672.3516845703125,194.0625,683.6044311523438,194.0625,655.4725341796875,239.0625,683.6044311523438,272.8125,666.7252807617188,188.4375,677.97802734375,233.4375,689.2307739257812,267.1875,638.5934448242188,278.4375,655.4725341796875,351.5625,621.7142944335938,407.8125,627.3406982421875,272.8125,649.84619140625,351.5625,638.5934448242188,402.1875,65.0,119.0,-13.0
2021-10-15 19:18:17.910,S4,R2,717.3626708984375,182.8125,677.97802734375,194.0625,689.2307739257812,194.0625,655.4725341796875,233.4375,683.6044311523438,272.8125,672.3516845703125,188.4375,677.97802734375,239.0625,694.857177734375,267.1875,638.5934448242188,278.4375,666.7252807617188,351.5625,627.3406982421875,407.8125,632.967041015625,278.4375,661.0989379882812,351.5625,644.2197875976562,402.1875,66.0,102.0,-8.0
2021-10-15 19:18:17.940,S4,R2,722.989013671875,188.4375,683.6044311523438,205.3125,689.2307739257812,205.3125,661.0989379882812,244.6875,683.6044311523438,284.0625,677.97802734375,194.0625,683.6044311523438,244.6875,706.1099243164062,284.0625,644.2197875976562,284.0625,672.3516845703125,351.5625,638.5934448242188,413.4375,632.967041015625,272.8125,672.3516845703125,351.5625,644.2197875976562,407.8125,59.0,106.0,-11.0
2021-10-15 19:18:17.970,S4,R2,728.6154174804688,188.4375,689.2307739257812,205.3125,700.4835205078125,210.9375,672.3516845703125,255.9375,689.2307739257812,295.3125,677.97802734375,199.6875,683.6044311523438,255.9375,706.1099243164062,284.0625,649.84619140625,289.6875,677.97802734375,351.5625,638.5934448242188,413.4375,638.5934448242188,278.4375,672.3516845703125,357.1875,655.4725341796875,407.8125,50.0,105.0,-6.0
2021-10-15 19:18:18.000,S4,R2,734.2417602539062,194.0625,700.4835205078125,216.5625,706.1099243164062,216.5625,677.97802734375,267.1875,706.1099243164062,300.9375,694.857177734375,210.9375,689.2307739257812,261.5625,711.7362670898438,284.0625,649.84619140625,295.3125,677.97802734375,357.1875,644.2197875976562,419.0625,644.2197875976562,284.0625,677.97802734375,362.8125,661.0989379882812,413.4375,34.0,127.0,-3.0
2021-10-15 19:18:18.030,S4,R2,739.8681640625,199.6875,700.4835205078125,222.1875,706.1099243164062,222.1875,685.4798583984375,270.9375,721.1135864257812,293.4375,706.1099243164062,216.5625,706.1099243164062,267.1875,717.3626708984375,289.6875,655.4725341796875,295.3125,683.6044311523438,362.8125,638.5934448242188,419.0625,661.0989379882812,295.3125,683.6044311523438,362.8125,661.0989379882812,413.4375,11.0,127.0,0.0
2021-10-15 19:18:18.060,S4,R2,745.4945068359375,210.9375,706.1099243164062,227.8125,706.1099243164062,227.8125,692.981689453125,274.6875,736.1172485351562,285.9375,706.1099243164062,222.1875,706.1099243164062,272.8125,728.6154174804688,284.0625,661.0989379882812,300.9375,689.2307739257812,368.4375,638.5934448242188,419.0625,661.0989379882812,295.3125,683.6044311523438,362.8125,661.0989379882812,413.4375,-58.5,37.5,-51.0
2021-10-15 19:18:18.090,S4,R2,751.1209106445312,205.3125,711.7362670898438,222.1875,711.7362670898438,227.8125,700.4835205078125,278.4375,751.1209106445312,278.4375,700.4835205078125,216.5625,711.7362670898438,278.4375,734.2417602539062,278.4375,672.3516845703125,306.5625,694.857177734375,368.4375,644.2197875976562,419.0625,677.97802734375,300.9375,689.2307739257812,374.0625,666.7252807617188,413.4375,-128.0,-52.0,-102.0
2021-10-15 19:18:18.120,S4,R2,751.1209106445312,199.6875,722.989013671875,222.1875,722.989013671875,222.1875,711.7362670898438,267.1875,756.7472839355469,258.75,722.989013671875,216.5625,711.7362670898438,272.8125,745.4945068359375,267.1875,683.6044311523438,300.9375,700.4835205078125,368.4375,644.2197875976562,419.0625,677.97802734375,295.3125,694.857177734375,368.4375,672.3516845703125,413.4375,-128.0,-12.0,-71.0
2021-10-15 19:18:18.150,S4,R2,756.7472534179688,182.8125,728.6154174804688,210.9375,734.2417602539062,210.9375,722.989013671875,255.9375,762.3736572265625,239.0625,717.3626708984375,205.3125,734.2417602539062,250.3125,756.7472534179688,239.0625,694.857177734375,295.3125,700.4835205078125,368.4375,644.2197875976562,413.4375,689.2307739257812,289.6875,694.857177734375,357.1875,666.7252807617188,413.4375,-128.0,4.0,-57.0
2021-10-15 19:18:18.180,S4,R2,768.0,177.1875,728.6154174804688,199.6875,734.2417602539062,199.6875,728.6154174804688,244.6875,773.6264038085938,216.5625,728.6154174804688,195.9375,741.7435913085938,235.3125,766.1245524088541,220.3125,706.1099243164062,289.6875,706.1099243164062,362.8125,649.84619140625,413.4375,706.1099243164062,289.6875,706.1099243164062,357.1875,666.7252807617188,413.4375,-128.0,20.0,-43.0
2021-10-15 19:18:18.210,S4,R2,773.6264038085938,160.3125,739.8681640625,188.4375,739.8681640625,188.4375,739.8681640625,231.5625,781.1282348632812,207.1875,739.8681640625,186.5625,749.2454223632812,220.3125,775.5018513997396,201.5625,722.989013671875,278.4375,711.7362670898438,357.1875,661.0989379882812,407.8125,722.989013671875,278.4375,711.7362670898438,357.1875,666.7252807617188,407.8125,-128.0,29.0,-37.0
2021-10-15 19:18:18.240,S4,R2,773.6264038085938,149.0625,745.4945068359375,177.1875,745.4945068359375,177.1875,751.1209106445312,218.4375,788.6300659179688,197.8125,751.1209106445312,177.1875,756.7472534179688,205.3125,784.879150390625,182.8125,734.2417602539062,272.8125,722.989013671875,345.9375,672.3516845703125,402.1875,745.4945068359375,272.8125,722.989013671875,340.3125,683.6044311523438,396.5625,-73.0,58.0,-23.0
2021-10-15 19:18:18.270,S4,R2,790.5054931640625,143.4375,751.1209106445312,165.9375,756.7472534179688,165.9375,762.3736572265625,205.3125,796.1318969726562,188.4375,739.8681640625,165.9375,768.0,194.0625,798.945068359375,185.625,751.1209106445312,261.5625,739.8681640625,340.3125,683.6044311523438,390.9375,745.4945068359375,267.1875,739.8681640625,340.3125,694.857177734375,379.6875,-18.0,58.0,-8.0
2021-10-15 19:18:18.300,S4,R2,796.1318969726562,137.8125,762.3736572265625,165.9375,768.0,165.9375,773.6264038085938,205.3125,807.3846435546875,188.4375,751.1209106445312,165.9375,773.6264038085938,194.0625,813.010986328125,188.4375,762.3736572265625,255.9375,762.3736572265625,334.6875,700.4835205078125,374.0625,756.7472534179688,255.9375,762.3736572265625,329.0625,711.7362670898438,362.8125,-6.0,63.0,-10.0
2021-10-15 19:18:18.330,S4,R2,801.7582397460938,137.8125,768.0,160.3125,779.2527465820312,160.3125,790.5054931640625,205.3125,824.2637329101562,188.4375,756.7472534179688,160.3125,796.1318969726562,194.0625,818.6373901367188,177.1875,773.6264038085938,250.3125,784.879150390625,329.0625,717.3626708984375,368.4375,762.3736572265625,244.6875,779.2527465820312,323.4375,734.2417602539062,368.4375,3.0,71.0,-20.0
2021-10-15 19:18:18.360,S4,R2,818.6373901367188,137.8125,784.879150390625,160.3125,790.5054931640625,160.3125,807.3846435546875,210.9375,835.5164794921875,194.0625,768.0,160.3125,796.1318969726562,205.3125,829.89013671875,188.4375,779.2527465820312,250.3125,801.7582397460938,323.4375,739.8681640625,368.4375,762.3736572265625,250.3125,796.1318969726562,317.8125,773.6264038085938,329.0625,12.0,113.0,-19.0
2021-10-15 19:18:18.390,S4,R2,824.2637329101562,137.8125,790.5054931640625,160.3125,801.7582397460938,160.3125,818.6373901367188,210.9375,846.7692260742188,199.6875,779.2527465820312,160.3125,779.2527465820312,227.8125,841.1428833007812,202.5,784.879150390625,255.9375,824.2637329101562,323.4375,768.0,368.4375,768.0,250.3125,818.6373901367188,317.8125,796.1318969726562,329.0625,35.0,127.0,-12.0
2021-10-15 19:18:18.420,S4,R2,841.1428833007812,137.8125,813.010986328125,165.9375,818.6373901367188,171.5625,835.5164794921875,222.1875,869.2747192382812,216.5625,790.5054931640625,165.9375,773.6264038085938,205.3125,852.3956298828125,216.5625,790.5054931640625,261.5625,835.5164794921875,317.8125,801.7582397460938,374.0625,779.2527465820312,255.9375,818.6373901367188,317.8125,801.7582397460938,374.0625,38.0,127.0,-22.0
2021-10-15 19:18:18.450,S4,R2,846.7692260742188,149.0625,813.010986328125,177.1875,829.89013671875,177.1875,858.02197265625,227.8125,891.7802124023438,233.4375,801.7582397460938,171.5625,779.2527465820312,199.6875,863.6483764648438,230.625,801.7582397460938,272.8125,852.3956298828125,317.8125,829.89013671875,390.9375,779.2527465820312,261.5625,829.89013671875,317.8125,824.2637329101562,385.3125,55.0,127.0,-18.0
2021-10-15 19:18:18.480,S4,R2,858.02197265625,160.3125,824.2637329101562,182.8125,841.1428833007812,182.8125,863.6483764648438,239.0625,897.4066162109375,244.6875,807.3846435546875,177.1875,796.1318969726562,216.5625,874.901123046875,244.6875,813.010986328125,272.8125,858.02197265625,329.0625,852.3956298828125,396.5625,796.1318969726562,267.1875,835.5164794921875,329.0625,846.7692260742188,402.1875,39.0,127.0,-24.0
2021-10-15 19:18:18.510,S4,R2,863.6483764648438,165.9375,835.5164794921875,199.6875,846.7692260742188,199.6875,874.901123046875,244.6875,908.6593627929688,261.5625,818.6373901367188,194.0625,824.2637329101562,239.0625,886.1538696289062,258.75,824.2637329101562,284.0625,869.2747192382812,340.3125,869.2747192382812,413.4375,801.7582397460938,278.4375,852.3956298828125,340.3125,852.3956298828125,407.8125,92.0,127.0,45.0
2021-10-15 19:18:18.540,S4,R2,874.901123046875,177.1875,841.1428833007812,205.3125,858.02197265625,205.3125,880.5274658203125,255.9375,908.6593627929688,272.8125,829.89013671875,199.6875,869.2747192382812,261.5625,897.4066162109375,272.8125,841.1428833007812,295.3125,880.5274658203125,345.9375,863.6483764648438,413.4375,824.2637329101562,289.6875,863.6483764648438,340.3125,852.3956298828125,402.1875,86.0,127.0,45.0
2021-10-15 19:18:18.570,S4,R2,886.1538696289062,182.8125,852.3956298828125,216.5625,863.6483764648438,216.5625,880.5274658203125,261.5625,914.2857666015625,284.0625,835.5164794921875,210.9375,869.2747192382812,255.9375,897.4066162109375,278.4375,846.7692260742188,300.9375,897.4066162109375,351.5625,869.2747192382812,413.4375,824.2637329101562,295.3125,874.901123046875,345.9375,852.3956298828125,402.1875,127.0,127.0,127.0
2021-10-15 19:18:18.600,S4,R2,886.1538696289062,182.8125,852.3956298828125,216.5625,869.2747192382812,222.1875,886.1538696289062,267.1875,914.2857666015625,289.6875,841.1428833007812,216.5625,880.5274658203125,278.4375,908.6593627929688,289.6875,852.3956298828125,306.5625,903.0330200195312,351.5625,863.6483764648438,413.4375,829.89013671875,300.9375,880.5274658203125,351.5625,852.3956298828125,407.8125,127.0,122.0,127.0
2021-10-15 19:18:18.630,S4,R2,891.7802124023438,188.4375,863.6483764648438,222.1875,874.901123046875,222.1875,886.1538696289062,272.8125,919.912109375,295.3125,852.3956298828125,210.9375,886.1538696289062,272.8125,914.2857666015625,289.6875,852.3956298828125,306.5625,903.0330200195312,351.5625,863.6483764648438,413.4375,835.5164794921875,300.9375,886.1538696289062,351.5625,858.02197265625,407.8125,127.0,87.0,127.0
2021-10-15 19:18:18.660,S4,R2,903.0330200195312,182.8125,874.901123046875,222.1875,886.1538696289062,222.1875,891.7802124023438,272.8125,919.912109375,300.9375,858.02197265625,210.9375,886.1538696289062,267.1875,914.2857666015625,295.3125,858.02197265625,300.9375,908.6593627929688,357.1875,869.2747192382812,419.0625,846.7692260742188,295.3125,880.5274658203125,351.5625,863.6483764648438,402.1875,127.0,68.0,28.0
2021-10-15 19:18:18.690,S4,R2,908.6593627929688,182.8125,874.901123046875,216.5625,891.7802124023438,216.5625,891.7802124023438,272.8125,919.912109375,295.3125,863.6483764648438,210.9375,886.1538696289062,267.1875,914.2857666015625,295.3125,869.2747192382812,300.9375,908.6593627929688,357.1875,869.2747192382812,419.0625,852.3956298828125,295.3125,886.1538696289062,351.5625,858.02197265625,407.8125,127.0,77.0,10.0
2021-10-15 19:18:18.720,S4,R2,914.2857666015625,182.8125,874.901123046875,210.9375,897.4066162109375,216.5625,897.4066162109375,267.1875,925.5385131835938,295.3125,869.2747192382812,210.9375,852.3956298828125,250.3125,914.2857666015625,289.6875,880.5274658203125,300.9375,908.6593627929688,357.1875,869.2747192382812,419.0625,852.3956298828125,295.3125,886.1538696289062,351.5625,858.02197265625,407.8125,127.0,126.0,14.0
2021-10-15 19:18:18.750,S4,R2,919.912109375,177.1875,886.1538696289062,205.3125,903.0330200195312,210.9375,897.4066162109375,255.9375,925.5385131835938,284.0625,874.901123046875,205.3125,869.2747192382812,255.9375,919.912109375,278.4375,886.1538696289062,300.9375,914.2857666015625,357.1875,869.2747192382812,419.0625,863.6483764648438,295.3125,891.7802124023438,351.5625,863.6483764648438,402.1875,106.0,127.0,-26.0
2021-10-15 19:18:18.780,S4,R2,925.5385131835938,171.5625,891.7802124023438,205.3125,908.6593627929688,205.3125,914.2857666015625,250.3125,931.1648559570312,278.4375,874.901123046875,199.6875,908.6593627929688,250.3125,919.912109375,278.4375,886.1538696289062,295.3125,914.2857666015625,357.1875,869.2747192382812,413.4375,869.2747192382812,289.6875,891.7802124023438,351.5625,863.6483764648438,402.1875,102.0,127.0,-16.0
2021-10-15 19:18:18.810,S4,R2,925.5385131835938,165.9375,891.7802124023438,205.3125,908.6593627929688,199.6875,914.2857666015625,244.6875,936.791259765625,272.8125,874.901123046875,194.0625,869.2747192382812,244.6875,914.2857666015625,278.4375,891.7802124023438,289.6875,914.2857666015625,351.5625,869.2747192382812,407.8125,874.901123046875,284.0625,897.4066162109375,345.9375,863.6483764648438,407.8125,105.0,127.0,-6.0
2021-10-15 19:18:18.840,S4,R2,931.1648559570312,160.3125,897.4066162109375,194.0625,914.2857666015625,199.6875,925.5385131835938,239.0625,942.4176025390625,261.5625,874.901123046875,194.0625,863.6483764648438,233.4375,909.5971171061198,271.875,897.4066162109375,289.6875,914.2857666015625,351.5625,869.2747192382812,407.8125,874.901123046875,284.0625,897.4066162109375,340.3125,869.2747192382812,402.1875,73.0,127.0,-7.0
2021-10-15 19:18:18.870,S4,R2,931.1648559570312,154.6875,903.0330200195312,188.4375,914.2857666015625,182.8125,931.1648559570312,227.8125,953.6703491210938,255.9375,880.5274658203125,188.4375,869.2747192382812,227.8125,904.9084676106771,265.3125,903.0330200195312,278.4375,919.912109375,340.3125,863.6483764648438,402.1875,880.5274658203125,272.8125,908.6593627929688,340.3125,874.901123046875,396.5625,66.0,127.0,-5.0
2021-10-15 19:18:18.900,S4,R2,931.1648559570312,154.6875,903.0330200195312,182.8125,914.2857666015625,182.8125,936.791259765625,227.8125,959.2967529296875,250.3125,886.1538696289062,188.4375,874.901123046875,233.4375,900.2198181152344,258.75,908.6593627929688,278.4375,925.5385131835938,334.6875,880.5274658203125,402.1875,886.1538696289062,272.8125,903.0330200195312,334.6875,869.2747192382812,390.9375,69.0,127.0,-3.5
2021-10-15 19:18:18.930,S4,R2,931.1648559570312,149.0625,903.0330200195312,182.8125,919.912109375,177.1875,942.4176025390625,222.1875,964.923095703125,244.6875,891.7802124023438,182.8125,874.901123046875,227.8125,895.5311686197916,252.1875,908.6593627929688,272.8125,931.1648559570312,334.6875,891.7802124023438,402.1875,891.7802124023438,267.1875,903.0330200195312,334.6875,869.2747192382812,390.9375,72.0,127.0,-2.0
2021-10-15 19:18:18.960,S4,R2,936.791259765625,149.0625,908.6593627929688,182.8125,925.5385131835938,177.1875,942.4176025390625,222.1875,970.5494995117188,244.6875,891.7802124023438,177.1875,880.5274658203125,227.8125,890.842519124349,245.625,919.912109375,272.8125,942.4176025390625,334.6875,891.7802124023438,396.5625,891.7802124023438,267.1875,903.0330200195312,329.0625,869.2747192382812,385.3125,42.0,113.0,-10.0
2021-10-15 19:18:18.990,S4,R2,948.0440063476562,143.4375,914.2857666015625,182.8125,925.5385131835938,177.1875,942.4176025390625,222.1875,976.1758422851562,244.6875,897.4066162109375,177.1875,886.1538696289062,227.8125,886.1538696289062,239.0625,925.5385131835938,272.8125,948.0440063476562,334.6875,897.4066162109375,390.9375,903.0330200195312,267.1875,908.6593627929688,329.0625,869.2747192382812,385.3125,31.0,112.0,-16.0
2021-10-15 19:18:19.020,S4,R2,948.0440063476562,143.4375,919.912109375,182.8125,931.1648559570312,177.1875,942.4176025390625,222.1875,976.1758422851562,250.3125,903.0330200195312,177.1875,891.7802124023438,227.8125,922.7253112792969,247.5,931.1648559570312,272.8125,953.6703491210938,329.0625,914.2857666015625,396.5625,903.0330200195312,267.1875,908.6593627929688,329.0625,869.2747192382812,385.3125,32.0,106.0,-14.0
2021-10-15 19:18:19.050,S4,R2,953.6703491210938,137.8125,919.912109375,177.1875,931.1648559570312,177.1875,948.0440063476562,222.1875,976.1758422851562,255.9375,908.6593627929688,177.1875,931.1648559570312,227.8125,959.2967529296875,255.9375,931.1648559570312,272.8125,964.923095703125,329.0625,925.5385131835938,402.1875,908.6593627929688,267.1875,908.6593627929688,329.0625,869.2747192382812,385.3125,14.0,111.0,-5.0
2021-10-15 19:18:19.080,S4,R2,953.6703491210938,137.8125,931.1648559570312,182.8125,936.791259765625,177.1875,948.0440063476562,227.8125,993.0549926757812,250.3125,919.912109375,171.5625,953.6703491210938,233.4375,987.4285888671875,239.0625,936.791259765625,272.8125,970.5494995117188,334.6875,936.791259765625,402.1875,914.2857666015625,267.1875,908.6593627929688,329.0625,869.2747192382812,379.6875,-34.0,116.0,-11.0
2021-10-15 19:18:19.110,S4,R2,959.2967529296875,143.4375,931.1648559570312,182.8125,942.4176025390625,177.1875,948.0440063476562,233.4375,993.0549926757812,250.3125,919.912109375,177.1875,959.2967529296875,227.8125,987.4285888671875,239.0625,936.791259765625,272.8125,970.5494995117188,340.3125,953.6703491210938,413.4375,919.912109375,267.1875,914.2857666015625,329.0625,869.2747192382812,379.6875,-128.0,48.0,-56.0
2021-10-15 19:18:19.140,S4,R2,970.5494995117188,143.4375,936.791259765625,182.8125,948.0440063476562,182.8125,953.6703491210938,239.0625,998.6813354492188,255.9375,925.5385131835938,182.8125,964.923095703125,227.8125,998.6813354492188,244.6875,948.0440063476562,278.4375,970.5494995117188,340.3125,959.2967529296875,413.4375,919.912109375,272.8125,914.2857666015625,329.0625,874.901123046875,385.3125,-128.0,-28.0,-61.0
2021-10-15 19:18:19.170,S4,R2,976.1758422851562,143.4375,948.0440063476562,182.8125,953.6703491210938,188.4375,953.6703491210938,239.0625,998.6813354492188,261.5625,936.791259765625,182.8125,970.5494995117188,233.4375,998.6813354492188,244.6875,953.6703491210938,278.4375,976.1758422851562,345.9375,959.2967529296875,413.4375,931.1648559570312,272.8125,931.1648559570312,334.6875,880.5274658203125,379.6875,-128.0,-9.0,-51.5
2021-10-15 19:18:19.200,S4,R2,976.1758422851562,143.4375,953.6703491210938,182.8125,948.0440063476562,188.4375,948.0440063476562,239.0625,1004.3077392578125,267.1875,964.923095703125,182.8125,976.1758422851562,233.4375,1015.5604858398438,255.9375,953.6703491210938,278.4375,981.80224609375,340.3125,959.2967529296875,413.4375,942.4176025390625,272.8125,936.791259765625,340.3125,886.1538696289062,379.6875,-128.0,10.0,-42.0
2021-10-15 19:18:19.230,S4,R2,981.80224609375,149.0625,953.6703491210938,182.8125,959.2967529296875,182.8125,959.2967529296875,239.0625,1009.93408203125,261.5625,948.0440063476562,182.8125,970.5494995117188,233.4375,1009.93408203125,255.9375,959.2967529296875,278.4375,981.80224609375,345.9375,959.2967529296875,413.4375,942.4176025390625,278.4375,942.4176025390625,340.3125,891.7802124023438,379.6875,-128.0,25.0,-36.0
2021-10-15 19:18:19.260,S4,R2,987.4285888671875,143.4375,959.2967529296875,182.8125,970.5494995117188,182.8125,970.5494995117188,233.4375,1015.5604858398438,261.5625,942.4176025390625,177.1875,953.6703491210938,233.4375,1009.93408203125,250.3125,970.5494995117188,278.4375,981.80224609375,345.9375,959.2967529296875,413.4375,948.0440063476562,278.4375,959.2967529296875,340.3125,903.0330200195312,374.0625,-85.0,59.0,-23.0
2021-10-15 19:18:19.290,S4,R2,993.0549926757812,143.4375,964.923095703125,182.8125,970.5494995117188,182.8125,976.1758422851562,233.4375,1021.1868286132812,261.5625,953.6703491210938,177.1875,964.923095703125,227.8125,1015.5604858398438,250.3125,970.5494995117188,278.4375,981.80224609375,345.9375,959.2967529296875,413.4375,959.2967529296875,272.8125,964.923095703125,340.3125,914.2857666015625,374.0625,-17.0,60.0,-7.0
2021-10-15 19:18:19.320,S4,R2,998.6813354492188,143.4375,970.5494995117188,182.8125,976.1758422851562,182.8125,981.80224609375,227.8125,1026.813232421875,261.5625,953.6703491210938,177.1875,976.1758422851562,233.4375,1022.5934600830078,251.71875,976.1758422851562,272.8125,981.80224609375,340.3125,959.2967529296875,413.4375,959.2967529296875,272.8125,970.5494995117188,334.6875,919.912109375,374.0625,2.0,60.0,-14.0
2021-10-15 19:18:19.350,S4,R2,1004.3077392578125,137.8125,976.1758422851562,177.1875,981.80224609375,177.1875,993.0549926757812,227.8125,1032.4395751953125,261.5625,964.923095703125,171.5625,970.5494995117188,233.4375,1029.6264343261719,253.125,976.1758422851562,272.8125,981.80224609375,340.3125,959.2967529296875,413.4375,964.923095703125,272.8125,981.80224609375,334.6875,948.0440063476562,385.3125,14.0,40.0,-18.0
2021-10-15 19:18:19.380,S4,R2,1009.93408203125,143.4375,981.80224609375,177.1875,987.4285888671875,171.5625,998.6813354492188,222.1875,1032.4395751953125,261.5625,970.5494995117188,171.5625,998.6813354492188,227.8125,1036.659408569336,254.53125,981.80224609375,267.1875,981.80224609375,340.3125,953.6703491210938,413.4375,970.5494995117188,267.1875,993.0549926757812,334.6875,964.923095703125,396.5625,36.0,65.0,8.0
2021-10-15 19:18:19.410,S4,R2,1021.1868286132812,137.8125,987.4285888671875,171.5625,993.0549926757812,171.5625,1004.3077392578125,222.1875,1038.06591796875,261.5625,981.80224609375,171.5625,1004.3077392578125,216.5625,1043.6923828125,255.9375,987.4285888671875,272.8125,987.4285888671875,340.3125,959.2967529296875,407.8125,981.80224609375,267.1875,998.6813354492188,334.6875,970.5494995117188,396.5625,45.0,85.0,12.0
2021-10-15 19:18:19.440,S4,R2,1021.1868286132812,137.8125,987.4285888671875,171.5625,998.6813354492188,171.5625,1009.93408203125,216.5625,1038.06591796875,261.5625,981.80224609375,171.5625,1004.3077392578125,216.5625,1043.6923828125,261.5625,993.0549926757812,272.8125,1015.5604858398438,329.0625,959.2967529296875,407.8125,976.1758422851562,267.1875,987.4285888671875,334.6875,970.5494995117188,396.5625,73.0,99.0,3.0
2021-10-15 19:18:19.470,S4,R2,1026.813232421875,137.8125,993.0549926757812,171.5625,1004.3077392578125,171.5625,1015.5604858398438,222.1875,1043.6923828125,267.1875,987.4285888671875,165.9375,1009.93408203125,222.1875,1043.6923828125,261.5625,987.4285888671875,272.8125,981.80224609375,340.3125,959.2967529296875,407.8125,993.0549926757812,272.8125,1026.813232421875,323.4375,998.6813354492188,390.9375,79.0,99.0,10.0
2021-10-15 19:18:19.500,S4,R2,1032.4395751953125,137.8125,998.6813354492188,171.5625,1004.3077392578125,171.5625,1021.1868286132812,222.1875,1049.3187255859375,267.1875,987.4285888671875,165.9375,1021.1868286132812,216.5625,1002.7002214704241,260.75892857142856,993.0549926757812,267.1875,981.80224609375,340.3125,959.2967529296875,407.8125,993.0549926757812,267.1875,1032.4395751953125,329.0625,1015.5604858398438,396.5625,43.0,101.0,4.0
2021-10-15 19:18:19.530,S4,R2,1038.06591796875,143.4375,1004.3077392578125,171.5625,1009.93408203125,171.5625,1021.1868286132812,222.1875,1049.3187255859375,272.8125,993.0549926757812,171.5625,1021.1868286132812,222.1875,961.7080601283482,259.95535714285717,1004.3077392578125,267.1875,1021.1868286132812,334.6875,1021.1868286132812,402.1875,993.0549926757812,267.1875,1021.1868286132812,329.0625,1021.1868286132812,402.1875,102.0,127.0,18.0
2021-10-15 19:18:19.560,S4,R2,1043.6923828125,143.4375,1009.93408203125,177.1875,1015.5604858398438,171.5625,1026.813232421875,227.8125,1049.3187255859375,272.8125,998.6813354492188,171.5625,981.80224609375,233.4375,920.7158987862723,259.1517857142857,1015.5604858398438,272.8125,1032.4395751953125,340.3125,1026.813232421875,402.1875,998.6813354492188,272.8125,981.80224609375,340.3125,959.2967529296875,396.5625,85.0,106.0,30.0
2021-10-15 19:18:19.590,S4,R2,1043.6923828125,149.0625,1015.5604858398438,177.1875,1026.813232421875,177.1875,1026.813232421875,227.8125,1043.6923828125,278.4375,998.6813354492188,171.5625,1015.5604858398438,233.4375,879.7237374441964,258.3482142857143,1015.5604858398438,278.4375,1032.4395751953125,345.9375,1038.06591796875,402.1875,998.6813354492188,272.8125,987.4285888671875,345.9375,964.923095703125,407.8125,52.0,127.0,8.0
2021-10-15 19:18:19.620,S4,R2,1049.3187255859375,143.4375,1015.5604858398438,177.1875,1021.1868286132812,177.1875,1026.813232421875,227.8125,1043.6923828125,278.4375,1004.3077392578125,177.1875,1015.5604858398438,239.0625,838.7315761021205,257.54464285714283,1015.5604858398438,278.4375,1038.06591796875,340.3125,1038.06591796875,407.8125,1004.3077392578125,272.8125,993.0549926757812,345.9375,964.923095703125,407.8125,65.0,127.0,59.0
2021-10-15 19:18:19.650,S4,R2,1054.945068359375,143.4375,1021.1868286132812,177.1875,1026.813232421875,177.1875,1026.813232421875,227.8125,1043.6923828125,284.0625,1004.3077392578125,177.1875,1004.3077392578125,233.4375,797.7394147600446,256.74107142857144,1021.1868286132812,272.8125,1038.06591796875,340.3125,1043.6923828125,402.1875,1004.3077392578125,272.8125,993.0549926757812,345.9375,964.923095703125,407.8125,38.0,119.0,50.0
2021-10-15 19:18:19.680,S4,R2,756.7472534179688,233.4375,756.7472534179688,239.0625,751.1209106445312,239.0625,745.4945068359375,250.3125,751.1209106445312,261.5625,762.3736572265625,239.0625,762.3736572265625,255.9375,756.7472534179688,255.9375,745.4945068359375,261.5625,891.7802124023438,306.5625,944.2930908203125,360.9375,756.7472534179688,261.5625,762.3736572265625,272.8125,768.0,278.4375,11.0,111.0,41.0
2021-10-15 19:18:19.710,S4,R2,756.7472534179688,233.4375,756.7472534179688,239.0625,751.1209106445312,239.0625,739.8681640625,255.9375,751.1209106445312,261.5625,762.3736572265625,239.0625,762.3736572265625,255.9375,756.7472534179688,261.5625,745.4945068359375,261.5625,745.4945068359375,272.8125,844.893798828125,319.6875,756.7472534179688,261.5625,762.3736572265625,272.8125,768.0,278.4375,72.0,127.0,83.0
2021-10-15 19:18:19.740,S4,R2,756.7472534179688,233.4375,756.7472534179688,239.0625,751.1209106445312,239.0625,739.8681640625,255.9375,745.4945068359375,261.5625,762.3736572265625,239.0625,762.3736572265625,255.9375,756.7472534179688,261.5625,745.4945068359375,261.5625,745.4945068359375,272.8125,745.4945068359375,278.4375,756.7472534179688,261.5625,762.3736572265625,272.8125,762.3736572265625,278.4375,93.0,127.0,117.0
2021-10-15 19:18:19.770,S4,R2,1071.82421875,143.4375,1049.3187255859375,177.1875,1038.06591796875,171.5625,1026.813232421875,227.8125,1043.6923828125,278.4375,1066.1978759765625,177.1875,1066.1978759765625,227.8125,756.7472534179688,261.5625,1038.06591796875,272.8125,1021.1868286132812,345.9375,970.5494995117188,402.1875,1060.5714111328125,278.4375,1060.5714111328125,345.9375,1043.6923828125,407.8125,28.0,87.0,57.0
2021-10-15 19:18:19.800,S4,R2,1077.4505615234375,137.8125,1054.945068359375,171.5625,1043.6923828125,171.5625,1032.4395751953125,227.8125,1043.6923828125,278.4375,1066.1978759765625,177.1875,1066.1978759765625,233.4375,756.7472534179688,261.5625,1043.6923828125,278.4375,1026.813232421875,345.9375,976.1758422851562,402.1875,1060.5714111328125,278.4375,1060.5714111328125,345.9375,1043.6923828125,407.8125,21.0,111.0,51.0
2021-10-15 19:18:19.830,S4,R2,1088.703369140625,137.8125,1060.5714111328125,171.5625,1049.3187255859375,171.5625,1032.4395751953125,222.1875,1043.6923828125,278.4375,1071.82421875,177.1875,1066.1978759765625,233.4375,756.7472534179688,261.5625,1043.6923828125,278.4375,1026.813232421875,345.9375,976.1758422851562,402.1875,1060.5714111328125,278.4375,1060.5714111328125,345.9375,1043.6923828125,407.8125,8.0,90.0,44.0
2021-10-15 19:18:19.860,S4,R2,1088.703369140625,143.4375,1060.5714111328125,171.5625,1054.945068359375,171.5625,1032.4395751953125,222.1875,1049.3187255859375,278.4375,1077.4505615234375,171.5625,1083.076904296875,216.5625,756.7472534179688,261.5625,1038.06591796875,272.8125,1032.4395751953125,345.9375,976.1758422851562,402.1875,1066.1978759765625,272.8125,1060.5714111328125,345.9375,1049.3187255859375,407.8125,-7.0,58.0,17.0
2021-10-15 19:18:19.890,S4,R2,1088.703369140625,143.4375,1066.1978759765625,171.5625,1054.945068359375,171.5625,1038.06591796875,227.8125,1049.3187255859375,278.4375,1083.076904296875,171.5625,1088.703369140625,222.1875,756.7472534179688,261.5625,1038.06591796875,272.8125,1032.4395751953125,345.9375,981.80224609375,402.1875,1066.1978759765625,272.8125,1060.5714111328125,345.9375,1043.6923828125,407.8125,-1.0,41.0,8.0
2021-10-15 19:18:19.920,S4,R2,1094.3297119140625,143.4375,1066.1978759765625,177.1875,1054.945068359375,171.5625,1038.06591796875,227.8125,1049.3187255859375,278.4375,1083.076904296875,177.1875,1083.076904296875,222.1875,756.7472534179688,261.5625,1043.6923828125,272.8125,1032.4395751953125,351.5625,987.4285888671875,402.1875,1066.1978759765625,272.8125,1060.5714111328125,345.9375,1043.6923828125,407.8125,8.0,36.0,17.0
2021-10-15 19:18:19.950,S4,R2,1094.3297119140625,143.4375,1071.82421875,177.1875,1054.945068359375,177.1875,1038.06591796875,227.8125,1049.3187255859375,278.4375,1088.703369140625,177.1875,1088.703369140625,227.8125,756.7472534179688,261.5625,1043.6923828125,272.8125,1032.4395751953125,351.5625,993.0549926757812,407.8125,1066.1978759765625,278.4375,1060.5714111328125,351.5625,1043.6923828125,413.4375,5.0,15.0,13.0
2021-10-15 19:18:19.980,S4,R2,1094.3297119140625,143.4375,1077.4505615234375,177.1875,1060.5714111328125,171.5625,1043.6923828125,227.8125,1049.3187255859375,278.4375,1094.3297119140625,182.8125,1088.703369140625,227.8125,756.7472534179688,261.5625,1043.6923828125,272.8125,1032.4395751953125,351.5625,1004.3077392578125,413.4375,1071.82421875,278.4375,1060.5714111328125,351.5625,1038.06591796875,413.4375,9.0,-10.0,26.0
2021-10-15 19:18:20.010,S4,R2,1094.3297119140625,143.4375,1077.4505615234375,177.1875,1060.5714111328125,171.5625,1043.6923828125,227.8125,1049.3187255859375,278.4375,1094.3297119140625,177.1875,1088.703369140625,227.8125,756.7472534179688,261.5625,1049.3187255859375,272.8125,1032.4395751953125,351.5625,1004.3077392578125,413.4375,1071.82421875,278.4375,1060.5714111328125,351.5625,1038.06591796875,413.4375,21.0,2.0,21.0
2021-10-15 19:18:20.040,S4,R2,1094.3297119140625,143.4375,1077.4505615234375,177.1875,1060.5714111328125,171.5625,1043.6923828125,227.8125,1049.3187255859375,278.4375,1094.3297119140625,177.1875,1094.3297119140625,227.8125,756.7472534179688,261.5625,1049.3187255859375,272.8125,1032.4395751953125,351.5625,1004.3077392578125,419.0625,1071.82421875,278.4375,1060.5714111328125,351.5625,1043.6923828125,413.4375,38.0,69.0,2.0
2021-10-15 19:18:20.070,S4,R2,1094.3297119140625,143.4375,1077.4505615234375,177.1875,1060.5714111328125,171.5625,1043.6923828125,227.8125,1043.6923828125,278.4375,1099.9560546875,177.1875,1094.3297119140625,227.8125,756.7472534179688,261.5625,1049.3187255859375,272.8125,1032.4395751953125,351.5625,1004.3077392578125,419.0625,1071.82421875,278.4375,1060.5714111328125,351.5625,1038.06591796875,413.4375,92.0,127.0,15.0
2021-10-15 19:18:20.100,S4,R2,1099.9560546875,143.4375,1077.4505615234375,177.1875,1060.5714111328125,171.5625,1043.6923828125,227.8125,1043.6923828125,278.4375,1094.3297119140625,177.1875,1094.3297119140625,227.8125,756.7472534179688,261.5625,1049.3187255859375,272.8125,1032.4395751953125,351.5625,1004.3077392578125,419.0625,1071.82421875,278.4375,1054.945068359375,357.1875,1038.06591796875,413.4375,127.0,127.0,-23.0
