Datetime,Subject,Repetition,Nose_X,Nose_Y,Neck_X,Neck_Y,Right_Shoulder_X,Right_Shoulder_Y,Right_Elbow_X,Right_Elbow_Y,Right_Wrist_X,Right_Wrist_Y,Left_Shoulder_X,Left_Shoulder_Y,Left_Elbow_X,Left_Elbow_Y,Left_Wrist_X,Left_Wrist_Y,Right_Hip_X,Right_Hip_Y,Right_Knee_X,Right_Knee_Y,Right_Ankle_X,Right_Ankle_Y,Left_Hip_X,Left_Hip_Y,Left_Knee_X,Left_Knee_Y,Left_Ankle_X,Left_Ankle_Y,ACC_x,ACC_y,ACC_z
2021-10-15 18:57:51.450,S1,R4,616.0879516601562,160.3125,616.0879516601562,199.6875,587.9560546875,194.0625,565.4505615234375,132.1875,565.4505615234375,81.5625,649.84619140625,194.0625,672.3516845703125,154.6875,677.97802734375,98.4375,599.2088012695312,300.9375,593.5824584960938,368.4375,587.9560546875,435.9375,638.5934448242188,300.9375,638.5934448242188,374.0625,644.2197875976562,441.5625,50.0,1.0,35.0
2021-10-15 18:57:51.480,S1,R4,616.0879516601562,160.3125,616.0879516601562,199.6875,587.9560546875,194.0625,559.82421875,149.0625,542.945068359375,98.4375,649.84619140625,199.6875,677.97802734375,160.3125,700.4835205078125,115.3125,599.2088012695312,300.9375,593.5824584960938,374.0625,587.9560546875,435.9375,638.5934448242188,300.9375,638.5934448242188,374.0625,644.2197875976562,441.5625,53.0,0.0,36.0
2021-10-15 18:57:51.510,S1,R4,621.7142944335938,165.9375,616.0879516601562,205.3125,582.3297119140625,205.3125,554.1978149414062,165.9375,537.3186645507812,132.1875,649.84619140625,205.3125,683.6044311523438,177.1875,722.989013671875,137.8125,593.5824584960938,306.5625,587.9560546875,374.0625,587.9560546875,435.9375,638.5934448242188,306.5625,638.5934448242188,374.0625,644.2197875976562,441.5625,54.0,1.0,37.0
2021-10-15 18:57:51.540,S1,R4,616.0879516601562,165.9375,616.0879516601562,205.3125,582.3297119140625,205.3125,548.5714721679688,177.1875,509.18682861328125,143.4375,649.84619140625,205.3125,689.2307739257812,188.4375,728.6154174804688,165.9375,593.5824584960938,306.5625,587.9560546875,374.0625,587.9560546875,435.9375,638.5934448242188,306.5625,638.5934448242188,374.0625,644.2197875976562,441.5625,52.0,1.0,39.0
2021-10-15 18:57:51.570,S1,R4,621.7142944335938,165.9375,616.0879516601562,205.3125,582.3297119140625,205.3125,531.6923217773438,188.4375,492.3077087402344,171.5625,649.84619140625,205.3125,689.2307739257812,205.3125,745.4945068359375,188.4375,593.5824584960938,306.5625,593.5824584960938,374.0625,587.9560546875,435.9375,638.5934448242188,306.5625,638.5934448242188,374.0625,644.2197875976562,441.5625,52.0,0.0,39.0
2021-10-15 18:57:51.600,S1,R4,616.0879516601562,165.9375,616.0879516601562,205.3125,582.3297119140625,205.3125,537.3186645507812,210.9375,486.68133544921875,199.6875,649.84619140625,205.3125,694.857177734375,216.5625,739.8681640625,216.5625,593.5824584960938,300.9375,587.9560546875,374.0625,587.9560546875,435.9375,638.5934448242188,306.5625,638.5934448242188,374.0625,644.2197875976562,441.5625,52.0,1.0,39.0
2021-10-15 18:57:51.630,S1,R4,616.0879516601562,165.9375,616.0879516601562,205.3125,582.3297119140625,205.3125,537.3186645507812,222.1875,486.68133544921875,227.8125,644.2197875976562,205.3125,689.2307739257812,227.8125,728.6154174804688,244.6875,593.5824584960938,300.9375,587.9560546875,368.4375,587.9560546875,435.9375,632.967041015625,300.9375,638.5934448242188,368.4375,644.2197875976562,441.5625,50.0,0.0,39.0
2021-10-15 18:57:51.660,S1,R4,616.0879516601562,165.9375,616.0879516601562,205.3125,582.3297119140625,205.3125,548.5714721679688,227.8125,503.5604553222656,255.9375,649.84619140625,205.3125,683.6044311523438,244.6875,722.989013671875,272.8125,593.5824584960938,300.9375,587.9560546875,374.0625,587.9560546875,441.5625,638.5934448242188,306.5625,638.5934448242188,368.4375,644.2197875976562,441.5625,48.0,1.0,39.0
2021-10-15 18:57:51.690,S1,R4,616.0879516601562,165.9375,616.0879516601562,205.3125,582.3297119140625,205.3125,554.1978149414062,244.6875,514.8131713867188,272.8125,644.2197875976562,210.9375,672.3516845703125,250.3125,700.4835205078125,284.0625,593.5824584960938,300.9375,587.9560546875,374.0625,587.9560546875,441.5625,638.5934448242188,300.9375,638.5934448242188,374.0625,644.2197875976562,441.5625,51.0,0.0,38.0
2021-10-15 18:57:51.720,S1,R4,621.7142944335938,165.9375,616.0879516601562,205.3125,582.3297119140625,210.9375,559.82421875,250.3125,531.6923217773438,284.0625,644.2197875976562,210.9375,666.7252807617188,250.3125,689.2307739257812,289.6875,593.5824584960938,300.9375,587.9560546875,374.0625,587.9560546875,435.9375,638.5934448242188,300.9375,638.5934448242188,368.4375,644.2197875976562,441.5625,51.0,2.0,38.0
2021-10-15 18:57:51.750,S1,R4,621.7142944335938,165.9375,616.0879516601562,205.3125,582.3297119140625,210.9375,559.82421875,250.3125,542.945068359375,289.6875,649.84619140625,210.9375,666.7252807617188,250.3125,677.97802734375,300.9375,593.5824584960938,300.9375,587.9560546875,368.4375,587.9560546875,435.9375,638.5934448242188,300.9375,638.5934448242188,374.0625,644.2197875976562,441.5625,50.0,1.0,38.0
2021-10-15 18:57:51.780,S1,R4,621.7142944335938,165.9375,616.0879516601562,205.3125,582.3297119140625,210.9375,559.82421875,250.3125,542.945068359375,284.0625,649.84619140625,210.9375,666.7252807617188,250.3125,677.97802734375,300.9375,593.5824584960938,300.9375,587.9560546875,368.4375,587.9560546875,435.9375,638.5934448242188,300.9375,644.2197875976562,374.0625,644.2197875976562,441.5625,51.0,1.0,38.0
2021-10-15 18:57:51.810,S1,R4,621.7142944335938,165.9375,616.0879516601562,205.3125,582.3297119140625,210.9375,559.82421875,250.3125,537.3186645507812,289.6875,649.84619140625,210.9375,666.7252807617188,250.3125,677.97802734375,295.3125,593.5824584960938,300.9375,587.9560546875,368.4375,587.9560546875,435.9375,638.5934448242188,300.9375,644.2197875976562,374.0625,644.2197875976562,441.5625,51.0,1.0,38.0
2021-10-15 18:57:51.840,S1,R4,621.7142944335938,165.9375,616.0879516601562,205.3125,582.3297119140625,210.9375,548.5714721679688,250.3125,520.4395751953125,284.0625,649.84619140625,210.9375,672.3516845703125,250.3125,700.4835205078125,295.3125,593.5824584960938,300.9375,587.9560546875,374.0625,587.9560546875,435.9375,638.5934448242188,306.5625,638.5934448242188,374.0625,644.2197875976562,441.5625,51.0,2.0,37.0
2021-10-15 18:57:51.870,S1,R4,621.7142944335938,165.9375,616.0879516601562,205.3125,582.3297119140625,210.9375,542.945068359375,239.0625,503.5604553222656,267.1875,649.84619140625,210.9375,677.97802734375,250.3125,706.1099243164062,278.4375,593.5824584960938,306.5625,587.9560546875,374.0625,587.9560546875,435.9375,638.5934448242188,306.5625,644.2197875976562,374.0625,644.2197875976562,441.5625,50.0,1.0,37.0
2021-10-15 18:57:51.900,S1,R4,616.0879516601562,165.9375,616.0879516601562,205.3125,582.3297119140625,210.9375,542.945068359375,227.8125,492.3077087402344,250.3125,649.84619140625,210.9375,683.6044311523438,244.6875,728.6154174804688,267.1875,593.5824584960938,306.5625,587.9560546875,374.0625,587.9560546875,441.5625,638.5934448242188,306.5625,638.5934448242188,374.0625,644.2197875976562,441.5625,50.0,1.0,37.0
2021-10-15 18:57:51.930,S1,R4,621.7142944335938,165.9375,616.0879516601562,205.3125,582.3297119140625,210.9375,537.3186645507812,216.5625,481.0549621582031,222.1875,649.84619140625,210.9375,689.2307739257812,227.8125,734.2417602539062,244.6875,593.5824584960938,306.5625,587.9560546875,374.0625,587.9560546875,441.5625,638.5934448242188,306.5625,638.5934448242188,374.0625,644.2197875976562,441.5625,51.0,1.0,37.0
2021-10-15 18:57:51.960,S1,R4,621.7142944335938,165.9375,616.0879516601562,205.3125,582.3297119140625,210.9375,537.3186645507812,194.0625,475.4285888671875,194.0625,649.84619140625,210.9375,689.2307739257812,216.5625,739.8681640625,216.5625,593.5824584960938,306.5625,587.9560546875,379.6875,587.9560546875,441.5625,638.5934448242188,306.5625,644.2197875976562,379.6875,644.2197875976562,447.1875,51.0,1.5,37.0
2021-10-15 18:57:51.990,S1,R4,621.7142944335938,165.9375,616.0879516601562,205.3125,576.7033081054688,199.6875,526.06591796875,182.8125,481.0549621582031,171.5625,649.84619140625,210.9375,689.2307739257812,199.6875,745.4945068359375,194.0625,593.5824584960938,306.5625,587.9560546875,379.6875,587.9560546875,441.5625,638.5934448242188,306.5625,644.2197875976562,379.6875,644.2197875976562,447.1875,51.0,2.0,37.0
2021-10-15 18:57:52.020,S1,R4,616.0879516601562,165.9375,610.4615478515625,205.3125,576.7033081054688,205.3125,537.3186645507812,177.1875,497.93408203125,143.4375,649.84619140625,210.9375,694.857177734375,188.4375,739.8681640625,165.9375,593.5824584960938,306.5625,587.9560546875,379.6875,587.9560546875,441.5625,638.5934448242188,306.5625,644.2197875976562,379.6875,644.2197875976562,447.1875,51.0,2.0,37.0
2021-10-15 18:57:52.050,S1,R4,616.0879516601562,165.9375,616.0879516601562,205.3125,582.3297119140625,199.6875,542.945068359375,165.9375,509.18682861328125,132.1875,649.84619140625,205.3125,683.6044311523438,182.8125,728.6154174804688,143.4375,593.5824584960938,306.5625,587.9560546875,379.6875,587.9560546875,441.5625,638.5934448242188,306.5625,644.2197875976562,379.6875,644.2197875976562,447.1875,54.0,2.0,38.0
2021-10-15 18:57:52.080,S1,R4,621.7142944335938,165.9375,616.0879516601562,205.3125,582.3297119140625,199.6875,548.5714721679688,160.3125,537.3186645507812,115.3125,649.84619140625,205.3125,677.97802734375,171.5625,711.7362670898438,137.8125,593.5824584960938,312.1875,587.9560546875,379.6875,587.9560546875,441.5625,638.5934448242188,306.5625,644.2197875976562,379.6875,644.2197875976562,447.1875,52.0,0.0,37.0
2021-10-15 18:57:52.110,S1,R4,616.0879516601562,165.9375,610.4615478515625,199.6875,582.3297119140625,199.6875,559.82421875,160.3125,554.1978149414062,98.4375,649.84619140625,199.6875,677.97802734375,160.3125,689.2307739257812,115.3125,593.5824584960938,306.5625,587.9560546875,379.6875,587.9560546875,441.5625,638.5934448242188,306.5625,644.2197875976562,379.6875,644.2197875976562,447.1875,47.0,0.0,36.0
2021-10-15 18:57:52.140,S1,R4,616.0879516601562,165.9375,610.4615478515625,199.6875,582.3297119140625,199.6875,559.82421875,143.4375,571.0769653320312,92.8125,649.84619140625,199.6875,672.3516845703125,154.6875,672.3516845703125,104.0625,593.5824584960938,306.5625,587.9560546875,379.6875,587.9560546875,441.5625,638.5934448242188,306.5625,644.2197875976562,379.6875,644.2197875976562,447.1875,47.0,0.0,39.0
2021-10-15 18:57:52.170,S1,R4,616.0879516601562,165.9375,610.4615478515625,199.6875,587.9560546875,194.0625,565.4505615234375,149.0625,582.3297119140625,98.4375,644.2197875976562,199.6875,661.0989379882812,160.3125,661.0989379882812,104.0625,593.5824584960938,306.5625,587.9560546875,379.6875,587.9560546875,441.5625,638.5934448242188,306.5625,644.2197875976562,379.6875,644.2197875976562,447.1875,45.0,-1.0,40.0
2021-10-15 18:57:52.200,S1,R4,610.4615478515625,165.9375,610.4615478515625,199.6875,587.9560546875,194.0625,576.7033081054688,143.4375,593.5824584960938,98.4375,644.2197875976562,199.6875,661.0989379882812,154.6875,655.4725341796875,104.0625,593.5824584960938,306.5625,587.9560546875,379.6875,587.9560546875,441.5625,638.5934448242188,306.5625,644.2197875976562,379.6875,644.2197875976562,447.1875,50.0,-1.0,44.0
2021-10-15 18:57:52.230,S1,R4,610.4615478515625,160.3125,610.4615478515625,199.6875,587.9560546875,194.0625,582.3297119140625,143.4375,599.2088012695312,98.4375,644.2197875976562,199.6875,661.0989379882812,154.6875,644.2197875976562,104.0625,593.5824584960938,306.5625,587.9560546875,379.6875,587.9560546875,447.1875,638.5934448242188,306.5625,644.2197875976562,379.6875,644.2197875976562,447.1875,48.0,1.0,43.0
2021-10-15 18:57:52.260,S1,R4,616.0879516601562,165.9375,610.4615478515625,199.6875,587.9560546875,194.0625,582.3297119140625,143.4375,593.5824584960938,98.4375,644.2197875976562,199.6875,661.0989379882812,160.3125,649.84619140625,104.0625,593.5824584960938,306.5625,587.9560546875,379.6875,587.9560546875,447.1875,638.5934448242188,306.5625,644.2197875976562,379.6875,644.2197875976562,447.1875,49.0,1.0,45.0
2021-10-15 18:57:52.290,S1,R4,616.0879516601562,165.9375,610.4615478515625,199.6875,587.9560546875,194.0625,576.7033081054688,137.8125,582.3297119140625,98.4375,644.2197875976562,199.6875,661.0989379882812,160.3125,661.0989379882812,104.0625,593.5824584960938,306.5625,587.9560546875,379.6875,587.9560546875,447.1875,638.5934448242188,306.5625,644.2197875976562,379.6875,644.2197875976562,447.1875,48.0,1.0,42.0
2021-10-15 18:57:52.320,S1,R4,621.7142944335938,165.9375,610.4615478515625,199.6875,587.9560546875,199.6875,565.4505615234375,137.8125,571.0769653320312,98.4375,649.84619140625,199.6875,672.3516845703125,154.6875,666.7252807617188,104.0625,599.2088012695312,306.5625,587.9560546875,379.6875,587.9560546875,441.5625,638.5934448242188,306.5625,644.2197875976562,379.6875,644.2197875976562,452.8125,47.0,2.0,40.0
2021-10-15 18:57:52.350,S1,R4,621.7142944335938,165.9375,616.0879516601562,205.3125,587.9560546875,199.6875,559.82421875,149.0625,554.1978149414062,98.4375,649.84619140625,205.3125,677.97802734375,160.3125,689.2307739257812,104.0625,599.2088012695312,306.5625,587.9560546875,379.6875,587.9560546875,441.5625,638.5934448242188,306.5625,644.2197875976562,379.6875,644.2197875976562,452.8125,46.0,1.0,39.0
2021-10-15 18:57:52.380,S1,R4,621.7142944335938,165.9375,616.0879516601562,205.3125,587.9560546875,205.3125,554.1978149414062,160.3125,537.3186645507812,115.3125,649.84619140625,205.3125,683.6044311523438,177.1875,711.7362670898438,132.1875,599.2088012695312,312.1875,587.9560546875,379.6875,587.9560546875,441.5625,638.5934448242188,312.1875,644.2197875976562,385.3125,644.2197875976562,452.8125,46.0,2.0,40.0
2021-10-15 18:57:52.410,S1,R4,627.3406982421875,171.5625,616.0879516601562,205.3125,582.3297119140625,210.9375,548.5714721679688,177.1875,520.4395751953125,143.4375,649.84619140625,210.9375,689.2307739257812,188.4375,734.2417602539062,149.0625,599.2088012695312,312.1875,587.9560546875,379.6875,587.9560546875,441.5625,638.5934448242188,312.1875,644.2197875976562,385.3125,644.2197875976562,452.8125,49.0,2.0,40.0
2021-10-15 18:57:52.440,S1,R4,621.7142944335938,171.5625,616.0879516601562,205.3125,582.3297119140625,210.9375,537.3186645507812,188.4375,486.68133544921875,160.3125,649.84619140625,210.9375,689.2307739257812,205.3125,739.8681640625,182.8125,599.2088012695312,312.1875,587.9560546875,379.6875,587.9560546875,447.1875,638.5934448242188,312.1875,644.2197875976562,385.3125,644.2197875976562,452.8125,51.0,3.0,39.0
2021-10-15 18:57:52.470,S1,R4,621.7142944335938,171.5625,616.0879516601562,205.3125,582.3297119140625,210.9375,537.3186645507812,210.9375,486.68133544921875,194.0625,649.84619140625,210.9375,694.857177734375,222.1875,739.8681640625,216.5625,599.2088012695312,312.1875,587.9560546875,379.6875,587.9560546875,447.1875,638.5934448242188,312.1875,644.2197875976562,385.3125,644.2197875976562,452.8125,48.0,2.0,39.0
2021-10-15 18:57:52.500,S1,R4,621.7142944335938,171.5625,616.0879516601562,210.9375,582.3297119140625,210.9375,542.945068359375,227.8125,486.68133544921875,233.4375,649.84619140625,210.9375,689.2307739257812,239.0625,734.2417602539062,244.6875,593.5824584960938,312.1875,587.9560546875,379.6875,587.9560546875,447.1875,638.5934448242188,312.1875,644.2197875976562,379.6875,644.2197875976562,452.8125,47.0,2.0,39.0
2021-10-15 18:57:52.530,S1,R4,621.7142944335938,171.5625,616.0879516601562,210.9375,582.3297119140625,210.9375,542.945068359375,239.0625,503.5604553222656,261.5625,649.84619140625,210.9375,683.6044311523438,250.3125,722.989013671875,278.4375,593.5824584960938,312.1875,593.5824584960938,379.6875,587.9560546875,452.8125,638.5934448242188,312.1875,644.2197875976562,379.6875,644.2197875976562,452.8125,48.5,2.0,39.0
2021-10-15 18:57:52.560,S1,R4,621.7142944335938,171.5625,616.0879516601562,216.5625,587.9560546875,216.5625,548.5714721679688,250.3125,514.8131713867188,278.4375,649.84619140625,210.9375,677.97802734375,255.9375,700.4835205078125,295.3125,599.2088012695312,312.1875,593.5824584960938,379.6875,587.9560546875,447.1875,638.5934448242188,312.1875,644.2197875976562,379.6875,644.2197875976562,452.8125,50.0,2.0,39.0
2021-10-15 18:57:52.590,S1,R4,621.7142944335938,171.5625,616.0879516601562,216.5625,587.9560546875,216.5625,559.82421875,267.1875,542.945068359375,300.9375,649.84619140625,216.5625,666.7252807617188,267.1875,677.97802734375,306.5625,599.2088012695312,312.1875,593.5824584960938,379.6875,587.9560546875,447.1875,638.5934448242188,312.1875,644.2197875976562,379.6875,644.2197875976562,452.8125,50.0,2.0,39.0
2021-10-15 18:57:52.620,S1,R4,621.7142944335938,171.5625,616.0879516601562,216.5625,587.9560546875,216.5625,565.4505615234375,267.1875,554.1978149414062,295.3125,649.84619140625,216.5625,661.0989379882812,272.8125,666.7252807617188,312.1875,599.2088012695312,312.1875,593.5824584960938,379.6875,587.9560546875,447.1875,638.5934448242188,317.8125,644.2197875976562,385.3125,644.2197875976562,452.8125,50.0,2.0,38.0
2021-10-15 18:57:52.650,S1,R4,621.7142944335938,171.5625,616.0879516601562,222.1875,587.9560546875,216.5625,565.4505615234375,267.1875,554.1978149414062,300.9375,649.84619140625,216.5625,661.0989379882812,272.8125,666.7252807617188,312.1875,599.2088012695312,312.1875,593.5824584960938,379.6875,587.9560546875,447.1875,638.5934448242188,317.8125,644.2197875976562,385.3125,644.2197875976562,452.8125,53.0,2.0,40.0
2021-10-15 18:57:52.680,S1,R4,621.7142944335938,171.5625,616.0879516601562,222.1875,587.9560546875,216.5625,565.4505615234375,267.1875,554.1978149414062,295.3125,649.84619140625,216.5625,661.0989379882812,272.8125,672.3516845703125,312.1875,599.2088012695312,312.1875,593.5824584960938,379.6875,587.9560546875,447.1875,638.5934448242188,317.8125,644.2197875976562,385.3125,644.2197875976562,452.8125,52.0,2.0,40.0
2021-10-15 18:57:52.710,S1,R4,621.7142944335938,171.5625,621.7142944335938,216.5625,587.9560546875,216.5625,559.82421875,255.9375,537.3186645507812,289.6875,649.84619140625,216.5625,672.3516845703125,261.5625,689.2307739257812,300.9375,599.2088012695312,312.1875,593.5824584960938,379.6875,587.9560546875,447.1875,638.5934448242188,312.1875,644.2197875976562,379.6875,644.2197875976562,447.1875,51.5,2.0,39.5
2021-10-15 18:57:52.740,S1,R4,621.7142944335938,171.5625,621.7142944335938,216.5625,587.9560546875,216.5625,548.5714721679688,244.6875,514.8131713867188,278.4375,649.84619140625,216.5625,677.97802734375,255.9375,706.1099243164062,289.6875,599.2088012695312,312.1875,593.5824584960938,379.6875,587.9560546875,452.8125,638.5934448242188,312.1875,644.2197875976562,379.6875,644.2197875976562,452.8125,51.0,2.0,39.0
2021-10-15 18:57:52.770,S1,R4,621.7142944335938,171.5625,621.7142944335938,216.5625,582.3297119140625,216.5625,542.945068359375,239.0625,497.93408203125,267.1875,655.4725341796875,216.5625,689.2307739257812,250.3125,722.989013671875,278.4375,599.2088012695312,312.1875,593.5824584960938,379.6875,587.9560546875,452.8125,638.5934448242188,317.8125,644.2197875976562,385.3125,644.2197875976562,452.8125,50.0,1.0,38.0
2021-10-15 18:57:52.800,S1,R4,621.7142944335938,171.5625,621.7142944335938,216.5625,587.9560546875,216.5625,542.945068359375,227.8125,492.3077087402344,239.0625,649.84619140625,216.5625,694.857177734375,244.6875,728.6154174804688,244.6875,599.2088012695312,317.8125,593.5824584960938,385.3125,587.9560546875,452.8125,638.5934448242188,317.8125,644.2197875976562,385.3125,644.2197875976562,452.8125,50.0,2.0,37.0
2021-10-15 18:57:52.830,S1,R4,621.7142944335938,177.1875,621.7142944335938,216.5625,587.9560546875,216.5625,537.3186645507812,210.9375,481.0549621582031,210.9375,649.84619140625,216.5625,689.2307739257812,227.8125,745.4945068359375,227.8125,599.2088012695312,317.8125,593.5824584960938,385.3125,587.9560546875,452.8125,638.5934448242188,317.8125,644.2197875976562,385.3125,644.2197875976562,452.8125,49.0,2.0,37.0
2021-10-15 18:57:52.860,S1,R4,621.7142944335938,171.5625,621.7142944335938,210.9375,582.3297119140625,210.9375,537.3186645507812,199.6875,486.68133544921875,182.8125,655.4725341796875,216.5625,700.4835205078125,210.9375,751.1209106445312,199.6875,599.2088012695312,317.8125,593.5824584960938,385.3125,587.9560546875,452.8125,638.5934448242188,317.8125,644.2197875976562,385.3125,644.2197875976562,452.8125,47.0,1.0,37.0
2021-10-15 18:57:52.890,S1,R4,627.3406982421875,171.5625,627.3406982421875,210.9375,587.9560546875,210.9375,542.945068359375,182.8125,503.5604553222656,154.6875,655.4725341796875,216.5625,694.857177734375,199.6875,739.8681640625,171.5625,599.2088012695312,317.8125,593.5824584960938,385.3125,587.9560546875,452.8125,638.5934448242188,317.8125,644.2197875976562,385.3125,644.2197875976562,452.8125,53.0,3.0,34.0
2021-10-15 18:57:52.920,S1,R4,627.3406982421875,171.5625,627.3406982421875,210.9375,587.9560546875,210.9375,554.1978149414062,177.1875,526.06591796875,137.8125,655.4725341796875,210.9375,694.857177734375,182.8125,734.2417602539062,143.4375,599.2088012695312,312.1875,593.5824584960938,385.3125,587.9560546875,452.8125,638.5934448242188,312.1875,644.2197875976562,385.3125,644.2197875976562,452.8125,56.0,2.0,34.0
2021-10-15 18:57:52.950,S1,R4,621.7142944335938,171.5625,621.7142944335938,205.3125,587.9560546875,205.3125,554.1978149414062,154.6875,548.5714721679688,115.3125,655.4725341796875,210.9375,683.6044311523438,177.1875,711.7362670898438,137.8125,599.2088012695312,312.1875,593.5824584960938,385.3125,593.5824584960938,447.1875,644.2197875976562,312.1875,644.2197875976562,385.3125,644.2197875976562,452.8125,56.0,3.0,34.0
2021-10-15 18:57:52.980,S1,R4,621.7142944335938,165.9375,621.7142944335938,205.3125,587.9560546875,205.3125,559.82421875,160.3125,559.82421875,104.0625,655.4725341796875,205.3125,677.97802734375,165.9375,694.857177734375,120.9375,599.2088012695312,312.1875,593.5824584960938,379.6875,593.5824584960938,447.1875,644.2197875976562,312.1875,644.2197875976562,385.3125,644.2197875976562,452.8125,56.0,3.0,33.0
2021-10-15 18:57:53.010,S1,R4,627.3406982421875,165.9375,621.7142944335938,205.3125,587.9560546875,205.3125,565.4505615234375,154.6875,582.3297119140625,104.0625,655.4725341796875,205.3125,672.3516845703125,154.6875,672.3516845703125,104.0625,599.2088012695312,312.1875,593.5824584960938,379.6875,593.5824584960938,447.1875,644.2197875976562,312.1875,644.2197875976562,385.3125,644.2197875976562,452.8125,55.0,3.0,32.0
2021-10-15 18:57:53.040,S1,R4,621.7142944335938,165.9375,621.7142944335938,205.3125,587.9560546875,199.6875,571.0769653320312,160.3125,587.9560546875,104.0625,649.84619140625,199.6875,672.3516845703125,160.3125,661.0989379882812,104.0625,599.2088012695312,306.5625,593.5824584960938,379.6875,587.9560546875,447.1875,638.5934448242188,306.5625,644.2197875976562,385.3125,644.2197875976562,452.8125,54.0,2.0,32.0
2021-10-15 18:57:53.070,S1,R4,621.7142944335938,165.9375,621.7142944335938,205.3125,587.9560546875,199.6875,571.0769653320312,160.3125,593.5824584960938,109.6875,649.84619140625,199.6875,672.3516845703125,160.3125,661.0989379882812,104.0625,599.2088012695312,306.5625,593.5824584960938,379.6875,587.9560546875,447.1875,644.2197875976562,306.5625,644.2197875976562,385.3125,644.2197875976562,452.8125,54.0,3.0,33.0
2021-10-15 18:57:53.100,S1,R4,621.7142944335938,165.9375,627.3406982421875,205.3125,587.9560546875,199.6875,571.0769653320312,160.3125,599.2088012695312,109.6875,649.84619140625,199.6875,672.3516845703125,160.3125,661.0989379882812,104.0625,599.2088012695312,306.5625,593.5824584960938,379.6875,593.5824584960938,447.1875,644.2197875976562,306.5625,644.2197875976562,385.3125,644.2197875976562,452.8125,54.0,3.0,33.0
2021-10-15 18:57:53.130,S1,R4,621.7142944335938,165.9375,627.3406982421875,199.6875,593.5824584960938,199.6875,571.0769653320312,154.6875,587.9560546875,104.0625,649.84619140625,199.6875,672.3516845703125,160.3125,666.7252807617188,109.6875,599.2088012695312,306.5625,593.5824584960938,379.6875,593.5824584960938,447.1875,644.2197875976562,306.5625,644.2197875976562,385.3125,649.84619140625,452.8125,55.0,3.0,33.0
2021-10-15 18:57:53.160,S1,R4,621.7142944335938,165.9375,627.3406982421875,205.3125,593.5824584960938,205.3125,565.4505615234375,154.6875,571.0769653320312,109.6875,655.4725341796875,205.3125,683.6044311523438,160.3125,689.2307739257812,115.3125,599.2088012695312,312.1875,599.2088012695312,379.6875,593.5824584960938,447.1875,644.2197875976562,312.1875,644.2197875976562,385.3125,649.84619140625,452.8125,54.0,3.0,33.0
2021-10-15 18:57:53.190,S1,R4,621.7142944335938,165.9375,627.3406982421875,205.3125,587.9560546875,205.3125,559.82421875,160.3125,554.1978149414062,115.3125,655.4725341796875,210.9375,689.2307739257812,182.8125,706.1099243164062,132.1875,599.2088012695312,312.1875,599.2088012695312,385.3125,593.5824584960938,447.1875,644.2197875976562,312.1875,644.2197875976562,385.3125,649.84619140625,452.8125,52.0,3.0,33.0
2021-10-15 18:57:53.220,S1,R4,627.3406982421875,171.5625,627.3406982421875,205.3125,587.9560546875,210.9375,554.1978149414062,182.8125,537.3186645507812,132.1875,649.84619140625,210.9375,694.857177734375,188.4375,728.6154174804688,143.4375,599.2088012695312,312.1875,599.2088012695312,379.6875,593.5824584960938,447.1875,644.2197875976562,312.1875,644.2197875976562,385.3125,649.84619140625,447.1875,55.0,3.0,34.0
2021-10-15 18:57:53.250,S1,R4,627.3406982421875,171.5625,627.3406982421875,210.9375,587.9560546875,210.9375,542.945068359375,188.4375,520.4395751953125,149.0625,649.84619140625,210.9375,700.4835205078125,205.3125,734.2417602539062,165.9375,599.2088012695312,312.1875,599.2088012695312,385.3125,593.5824584960938,447.1875,644.2197875976562,312.1875,644.2197875976562,385.3125,649.84619140625,452.8125,54.0,3.0,33.0
2021-10-15 18:57:53.280,S1,R4,621.7142944335938,171.5625,627.3406982421875,210.9375,587.9560546875,210.9375,542.945068359375,205.3125,509.18682861328125,165.9375,649.84619140625,210.9375,700.4835205078125,216.5625,739.8681640625,188.4375,604.835205078125,312.1875,599.2088012695312,385.3125,593.5824584960938,447.1875,644.2197875976562,312.1875,644.2197875976562,385.3125,649.84619140625,452.8125,54.0,3.0,33.0
2021-10-15 18:57:53.310,S1,R4,627.3406982421875,171.5625,627.3406982421875,210.9375,587.9560546875,216.5625,537.3186645507812,210.9375,497.93408203125,188.4375,655.4725341796875,210.9375,694.857177734375,227.8125,739.8681640625,210.9375,599.2088012695312,312.1875,599.2088012695312,385.3125,593.5824584960938,447.1875,644.2197875976562,312.1875,644.2197875976562,385.3125,649.84619140625,452.8125,53.0,3.0,34.0
2021-10-15 18:57:53.340,S1,R4,627.3406982421875,171.5625,627.3406982421875,210.9375,587.9560546875,210.9375,542.945068359375,222.1875,497.93408203125,199.6875,655.4725341796875,210.9375,700.4835205078125,239.0625,734.2417602539062,222.1875,599.2088012695312,312.1875,599.2088012695312,385.3125,593.5824584960938,452.8125,644.2197875976562,312.1875,644.2197875976562,385.3125,649.84619140625,452.8125,54.0,3.0,34.0
2021-10-15 18:57:53.370,S1,R4,627.3406982421875,171.5625,627.3406982421875,210.9375,587.9560546875,210.9375,542.945068359375,227.8125,497.93408203125,210.9375,655.4725341796875,210.9375,689.2307739257812,250.3125,728.6154174804688,233.4375,599.2088012695312,312.1875,599.2088012695312,385.3125,593.5824584960938,452.8125,644.2197875976562,312.1875,644.2197875976562,385.3125,649.84619140625,452.8125,52.0,3.0,33.0
2021-10-15 18:57:53.400,S1,R4,627.3406982421875,171.5625,627.3406982421875,210.9375,587.9560546875,210.9375,548.5714721679688,227.8125,503.5604553222656,222.1875,655.4725341796875,210.9375,689.2307739257812,250.3125,722.989013671875,239.0625,599.2088012695312,312.1875,593.5824584960938,385.3125,593.5824584960938,452.8125,644.2197875976562,312.1875,649.84619140625,385.3125,649.84619140625,452.8125,53.0,2.0,34.0
2021-10-15 18:57:53.430,S1,R4,621.7142944335938,171.5625,627.3406982421875,205.3125,587.9560546875,210.9375,548.5714721679688,233.4375,503.5604553222656,233.4375,655.4725341796875,210.9375,689.2307739257812,250.3125,728.6154174804688,239.0625,599.2088012695312,312.1875,593.5824584960938,385.3125,593.5824584960938,452.8125,644.2197875976562,312.1875,649.84619140625,385.3125,649.84619140625,452.8125,53.0,3.0,33.0
2021-10-15 18:57:53.460,S1,R4,621.7142944335938,171.5625,621.7142944335938,205.3125,587.9560546875,210.9375,554.1978149414062,244.6875,514.8131713867188,250.3125,655.4725341796875,210.9375,677.97802734375,250.3125,700.4835205078125,255.9375,599.2088012695312,312.1875,593.5824584960938,379.6875,593.5824584960938,452.8125,644.2197875976562,312.1875,649.84619140625,385.3125,649.84619140625,452.8125,53.0,3.0,33.0
2021-10-15 18:57:53.490,S1,R4,621.7142944335938,177.1875,627.3406982421875,210.9375,587.9560546875,210.9375,554.1978149414062,250.3125,514.8131713867188,267.1875,655.4725341796875,210.9375,672.3516845703125,250.3125,700.4835205078125,278.4375,599.2088012695312,312.1875,587.9560546875,385.3125,593.5824584960938,447.1875,644.2197875976562,312.1875,655.4725341796875,385.3125,655.4725341796875,447.1875,53.0,3.0,33.0
2021-10-15 18:57:53.520,S1,R4,621.7142944335938,188.4375,627.3406982421875,222.1875,587.9560546875,216.5625,565.4505615234375,255.9375,531.6923217773438,278.4375,655.4725341796875,216.5625,672.3516845703125,261.5625,694.857177734375,289.6875,599.2088012695312,317.8125,582.3297119140625,379.6875,593.5824584960938,447.1875,644.2197875976562,317.8125,661.0989379882812,379.6875,655.4725341796875,447.1875,53.0,2.0,33.0
2021-10-15 18:57:53.550,S1,R4,627.3406982421875,199.6875,621.7142944335938,227.8125,587.9560546875,233.4375,559.82421875,272.8125,537.3186645507812,295.3125,655.4725341796875,233.4375,672.3516845703125,272.8125,677.97802734375,300.9375,604.835205078125,323.4375,582.3297119140625,385.3125,593.5824584960938,452.8125,644.2197875976562,329.0625,666.7252807617188,385.3125,661.0989379882812,452.8125,53.0,2.0,33.0
2021-10-15 18:57:53.580,S1,R4,627.3406982421875,216.5625,621.7142944335938,250.3125,587.9560546875,244.6875,565.4505615234375,278.4375,554.1978149414062,300.9375,655.4725341796875,250.3125,672.3516845703125,289.6875,672.3516845703125,317.8125,599.2088012695312,334.6875,576.7033081054688,390.9375,593.5824584960938,452.8125,644.2197875976562,334.6875,666.7252807617188,385.3125,661.0989379882812,458.4375,54.0,3.0,34.0
2021-10-15 18:57:53.610,S1,R4,627.3406982421875,222.1875,621.7142944335938,255.9375,587.9560546875,255.9375,571.0769653320312,300.9375,559.82421875,317.8125,655.4725341796875,255.9375,672.3516845703125,300.9375,666.7252807617188,323.4375,599.2088012695312,345.9375,576.7033081054688,396.5625,593.5824584960938,452.8125,644.2197875976562,345.9375,666.7252807617188,390.9375,661.0989379882812,458.4375,54.0,2.0,33.0
2021-10-15 18:57:53.640,S1,R4,621.7142944335938,233.4375,621.7142944335938,272.8125,587.9560546875,267.1875,571.0769653320312,300.9375,571.0769653320312,329.0625,655.4725341796875,267.1875,677.97802734375,312.1875,666.7252807617188,329.0625,599.2088012695312,345.9375,576.7033081054688,402.1875,593.5824584960938,452.8125,644.2197875976562,351.5625,666.7252807617188,396.5625,661.0989379882812,458.4375,54.0,2.0,33.0
2021-10-15 18:57:53.670,S1,R4,621.7142944335938,244.6875,627.3406982421875,272.8125,587.9560546875,278.4375,571.0769653320312,317.8125,576.7033081054688,345.9375,655.4725341796875,278.4375,672.3516845703125,317.8125,666.7252807617188,329.0625,604.835205078125,357.1875,576.7033081054688,396.5625,593.5824584960938,452.8125,644.2197875976562,357.1875,672.3516845703125,396.5625,661.0989379882812,458.4375,50.0,2.0,32.0
2021-10-15 18:57:53.700,S1,R4,621.7142944335938,255.9375,627.3406982421875,289.6875,587.9560546875,284.0625,576.7033081054688,317.8125,576.7033081054688,345.9375,655.4725341796875,284.0625,672.3516845703125,329.0625,661.0989379882812,340.3125,604.835205078125,357.1875,576.7033081054688,402.1875,593.5824584960938,452.8125,644.2197875976562,362.8125,672.3516845703125,396.5625,661.0989379882812,458.4375,47.0,1.0,31.0
2021-10-15 18:57:53.730,S1,R4,621.7142944335938,261.5625,621.7142944335938,295.3125,587.9560546875,289.6875,576.7033081054688,323.4375,582.3297119140625,351.5625,655.4725341796875,289.6875,672.3516845703125,334.6875,661.0989379882812,345.9375,604.835205078125,362.8125,576.7033081054688,407.8125,593.5824584960938,458.4375,644.2197875976562,362.8125,672.3516845703125,402.1875,661.0989379882812,464.0625,44.0,1.0,32.0
2021-10-15 18:57:53.760,S1,R4,621.7142944335938,261.5625,621.7142944335938,295.3125,587.9560546875,295.3125,576.7033081054688,329.0625,582.3297119140625,351.5625,655.4725341796875,289.6875,672.3516845703125,334.6875,666.7252807617188,345.9375,604.835205078125,368.4375,576.7033081054688,407.8125,599.2088012695312,458.4375,644.2197875976562,368.4375,672.3516845703125,402.1875,661.0989379882812,464.0625,41.0,1.0,33.0
2021-10-15 18:57:53.790,S1,R4,621.7142944335938,261.5625,627.3406982421875,289.6875,593.5824584960938,289.6875,576.7033081054688,329.0625,582.3297119140625,351.5625,655.4725341796875,289.6875,672.3516845703125,334.6875,661.0989379882812,345.9375,604.835205078125,368.4375,576.7033081054688,407.8125,599.2088012695312,458.4375,644.2197875976562,368.4375,672.3516845703125,402.1875,661.0989379882812,464.0625,43.0,0.0,32.0
2021-10-15 18:57:53.820,S1,R4,627.3406982421875,261.5625,627.3406982421875,289.6875,593.5824584960938,289.6875,582.3297119140625,329.0625,582.3297119140625,345.9375,655.4725341796875,289.6875,672.3516845703125,334.6875,666.7252807617188,345.9375,604.835205078125,368.4375,576.7033081054688,407.8125,599.2088012695312,458.4375,644.2197875976562,368.4375,672.3516845703125,402.1875,661.0989379882812,464.0625,52.0,-2.0,37.0
2021-10-15 18:57:53.850,S1,R4,627.3406982421875,244.6875,627.3406982421875,278.4375,593.5824584960938,284.0625,576.7033081054688,323.4375,576.7033081054688,317.8125,661.0989379882812,278.4375,672.3516845703125,323.4375,683.6044311523438,323.4375,604.835205078125,362.8125,576.7033081054688,407.8125,593.5824584960938,452.8125,644.2197875976562,357.1875,672.3516845703125,407.8125,661.0989379882812,464.0625,53.0,-1.0,38.0
2021-10-15 18:57:53.880,S1,R4,632.967041015625,233.4375,627.3406982421875,267.1875,593.5824584960938,272.8125,571.0769653320312,312.1875,559.82421875,306.5625,661.0989379882812,267.1875,672.3516845703125,312.1875,677.97802734375,323.4375,604.835205078125,351.5625,576.7033081054688,407.8125,599.2088012695312,458.4375,644.2197875976562,351.5625,672.3516845703125,402.1875,661.0989379882812,458.4375,56.0,-2.0,36.0
2021-10-15 18:57:53.910,S1,R4,627.3406982421875,216.5625,627.3406982421875,250.3125,593.5824584960938,255.9375,565.4505615234375,295.3125,548.5714721679688,300.9375,661.0989379882812,255.9375,677.97802734375,300.9375,700.4835205078125,300.9375,604.835205078125,345.9375,576.7033081054688,402.1875,599.2088012695312,458.4375,649.84619140625,345.9375,672.3516845703125,402.1875,661.0989379882812,458.4375,53.0,-5.0,35.0
2021-10-15 18:57:53.940,S1,R4,627.3406982421875,199.6875,627.3406982421875,244.6875,587.9560546875,239.0625,559.82421875,278.4375,554.1978149414062,295.3125,661.0989379882812,244.6875,689.2307739257812,284.0625,689.2307739257812,261.5625,604.835205078125,334.6875,582.3297119140625,396.5625,593.5824584960938,458.4375,644.2197875976562,334.6875,666.7252807617188,390.9375,661.0989379882812,458.4375,50.0,-5.0,36.0
2021-10-15 18:57:53.970,S1,R4,632.967041015625,182.8125,627.3406982421875,222.1875,593.5824584960938,222.1875,559.82421875,261.5625,582.3297119140625,244.6875,661.0989379882812,222.1875,683.6044311523438,272.8125,689.2307739257812,233.4375,604.835205078125,323.4375,587.9560546875,385.3125,593.5824584960938,452.8125,649.84619140625,317.8125,666.7252807617188,385.3125,661.0989379882812,458.4375,46.0,-4.0,36.0
2021-10-15 18:57:54.000,S1,R4,627.3406982421875,165.9375,627.3406982421875,205.3125,666.7252807617188,205.3125,683.6044311523438,261.5625,677.97802734375,216.5625,587.9560546875,205.3125,559.82421875,250.3125,576.7033081054688,233.4375,649.84619140625,306.5625,661.0989379882812,374.0625,666.7252807617188,441.5625,610.4615478515625,300.9375,599.2088012695312,374.0625,593.5824584960938,447.1875,47.0,-8.0,29.0
2021-10-15 18:57:54.030,S1,R4,632.967041015625,149.0625,632.967041015625,182.8125,593.5824584960938,182.8125,565.4505615234375,233.4375,576.7033081054688,216.5625,666.7252807617188,188.4375,689.2307739257812,244.6875,683.6044311523438,210.9375,610.4615478515625,289.6875,604.835205078125,357.1875,587.9560546875,430.3125,649.84619140625,289.6875,661.0989379882812,362.8125,666.7252807617188,435.9375,47.0,-6.0,26.0
2021-10-15 18:57:54.060,S1,R4,638.5934448242188,137.8125,632.967041015625,177.1875,593.5824584960938,182.8125,559.82421875,227.8125,576.7033081054688,210.9375,666.7252807617188,182.8125,689.2307739257812,239.0625,683.6044311523438,205.3125,610.4615478515625,278.4375,599.2088012695312,345.9375,593.5824584960938,419.0625,655.4725341796875,278.4375,655.4725341796875,351.5625,666.7252807617188,419.0625,71.0,-8.0,24.0
2021-10-15 18:57:54.090,S1,R4,638.5934448242188,126.5625,632.967041015625,165.9375,593.5824584960938,165.9375,565.4505615234375,216.5625,582.3297119140625,199.6875,666.7252807617188,171.5625,683.6044311523438,227.8125,683.6044311523438,202.5,610.4615478515625,267.1875,604.835205078125,340.3125,593.5824584960938,413.4375,655.4725341796875,267.1875,655.4725341796875,345.9375,666.7252807617188,413.4375,123.0,-5.0,31.0
2021-10-15 18:57:54.120,S1,R4,638.5934448242188,115.3125,632.967041015625,160.3125,593.5824584960938,160.3125,565.4505615234375,210.9375,587.9560546875,199.6875,666.7252807617188,160.3125,683.6044311523438,222.1875,683.6044311523438,199.6875,610.4615478515625,255.9375,604.835205078125,334.6875,593.5824584960938,407.8125,655.4725341796875,255.9375,661.0989379882812,340.3125,666.7252807617188,407.8125,127.0,-9.0,41.0
2021-10-15 18:57:54.150,S1,R4,638.5934448242188,115.3125,632.967041015625,160.3125,593.5824584960938,160.3125,565.4505615234375,205.3125,587.9560546875,194.0625,666.7252807617188,160.3125,683.6044311523438,216.5625,689.2308044433594,219.375,610.4615478515625,255.9375,604.835205078125,329.0625,593.5824584960938,402.1875,655.4725341796875,255.9375,661.0989379882812,334.6875,666.7252807617188,402.1875,127.0,-17.0,53.0
2021-10-15 18:57:54.180,S1,R4,638.5934448242188,109.6875,632.967041015625,154.6875,599.2088012695312,154.6875,571.0769653320312,205.3125,582.3297119140625,194.0625,666.7252807617188,160.3125,683.6044311523438,210.9375,694.857177734375,239.0625,610.4615478515625,250.3125,604.835205078125,329.0625,593.5824584960938,396.5625,655.4725341796875,250.3125,661.0989379882812,329.0625,666.7252807617188,396.5625,127.0,-40.0,71.0
2021-10-15 18:57:54.210,S1,R4,638.5934448242188,104.0625,632.967041015625,154.6875,599.2088012695312,154.6875,571.0769653320312,205.3125,582.3297119140625,194.0625,666.7252807617188,154.6875,683.6044311523438,205.3125,689.2307739257812,233.4375,610.4615478515625,250.3125,604.835205078125,323.4375,593.5824584960938,396.5625,655.4725341796875,250.3125,661.0989379882812,323.4375,666.7252807617188,396.5625,127.0,-45.0,72.5
2021-10-15 18:57:54.240,S1,R4,638.5934448242188,109.6875,632.967041015625,154.6875,599.2088012695312,154.6875,571.0769653320312,205.3125,582.3297119140625,194.0625,666.7252807617188,154.6875,683.6044311523438,205.3125,689.2307739257812,233.4375,610.4615478515625,250.3125,604.835205078125,323.4375,593.5824584960938,396.5625,655.4725341796875,250.3125,661.0989379882812,323.4375,666.7252807617188,396.5625,127.0,-50.0,74.0
2021-10-15 18:57:54.270,S1,R4,638.5934448242188,115.3125,632.967041015625,154.6875,599.2088012695312,160.3125,565.4505615234375,205.3125,587.9560546875,194.0625,666.7252807617188,160.3125,694.857177734375,210.9375,689.2307739257812,216.5625,610.4615478515625,255.9375,604.835205078125,329.0625,593.5824584960938,402.1875,655.4725341796875,255.9375,666.7252807617188,329.0625,672.3516845703125,396.5625,127.0,-73.0,73.0
2021-10-15 18:57:54.300,S1,R4,638.5934448242188,120.9375,632.967041015625,160.3125,599.2088012695312,160.3125,565.4505615234375,210.9375,593.5824584960938,199.6875,672.3516845703125,165.9375,694.857177734375,216.5625,700.4835205078125,233.4375,610.4615478515625,261.5625,604.835205078125,329.0625,593.5824584960938,407.8125,655.4725341796875,261.5625,666.7252807617188,329.0625,672.3516845703125,407.8125,123.0,-81.0,65.0
2021-10-15 18:57:54.330,S1,R4,638.5934448242188,132.1875,632.967041015625,177.1875,604.835205078125,171.5625,565.4505615234375,216.5625,593.5824584960938,210.9375,672.3516845703125,177.1875,694.857177734375,227.8125,683.6044311523438,227.8125,616.0879516601562,272.8125,599.2088012695312,340.3125,593.5824584960938,413.4375,655.4725341796875,272.8125,666.7252807617188,340.3125,677.97802734375,407.8125,75.0,-90.0,40.0
2021-10-15 18:57:54.360,S1,R4,644.2197875976562,143.4375,632.967041015625,182.8125,599.2088012695312,182.8125,571.0769653320312,227.8125,582.3297119140625,216.5625,672.3516845703125,182.8125,694.857177734375,239.0625,683.6044311523438,227.8125,610.4615478515625,284.0625,599.2088012695312,345.9375,593.5824584960938,419.0625,655.4725341796875,284.0625,666.7252807617188,345.9375,677.97802734375,413.4375,34.0,-76.0,16.0
2021-10-15 18:57:54.390,S1,R4,644.2197875976562,160.3125,632.967041015625,199.6875,604.835205078125,194.0625,576.7033081054688,244.6875,579.5165100097656,247.5,672.3516845703125,199.6875,694.857177734375,250.3125,689.2307739257812,244.6875,610.4615478515625,295.3125,593.5824584960938,362.8125,593.5824584960938,435.9375,655.4725341796875,295.3125,672.3516845703125,357.1875,683.6044311523438,435.9375,29.0,-66.0,5.0
2021-10-15 18:57:54.420,S1,R4,638.5934448242188,177.1875,632.967041015625,216.5625,599.2088012695312,210.9375,571.0769653320312,255.9375,576.7033081054688,278.4375,672.3516845703125,216.5625,689.2307739257812,261.5625,706.1099243164062,278.4375,610.4615478515625,312.1875,593.5824584960938,374.0625,593.5824584960938,441.5625,655.4725341796875,312.1875,677.97802734375,368.4375,683.6044311523438,441.5625,11.0,-62.0,5.0
2021-10-15 18:57:54.450,S1,R4,638.5934448242188,199.6875,632.967041015625,239.0625,599.2088012695312,233.4375,571.0769653320312,272.8125,548.5714721679688,289.6875,672.3516845703125,239.0625,689.2307739257812,284.0625,711.7362670898438,295.3125,616.0879516601562,329.0625,587.9560546875,385.3125,599.2088012695312,452.8125,655.4725341796875,323.4375,683.6044311523438,379.6875,677.97802734375,447.1875,-25.0,-70.0,40.0
2021-10-15 18:57:54.480,S1,R4,638.5934448242188,222.1875,632.967041015625,250.3125,599.2088012695312,255.9375,576.7033081054688,295.3125,542.945068359375,300.9375,672.3516845703125,255.9375,689.2307739257812,300.9375,697.6703491210938,303.75,610.4615478515625,345.9375,582.3297119140625,390.9375,599.2088012695312,452.8125,655.4725341796875,340.3125,683.6044311523438,390.9375,677.97802734375,452.8125,-70.0,-56.0,76.0
2021-10-15 18:57:54.510,S1,R4,644.2197875976562,239.0625,632.967041015625,267.1875,599.2088012695312,272.8125,576.7033081054688,312.1875,554.1978149414062,306.5625,672.3516845703125,272.8125,683.6044311523438,323.4375,683.6044311523438,312.1875,616.0879516601562,351.5625,576.7033081054688,396.5625,599.2088012695312,458.4375,655.4725341796875,345.9375,689.2307739257812,390.9375,677.97802734375,452.8125,-128.0,-15.0,127.0
2021-10-15 18:57:54.540,S1,R4,638.5934448242188,250.3125,632.967041015625,284.0625,610.4615478515625,284.0625,576.7033081054688,323.4375,599.2088012695312,340.3125,672.3516845703125,284.0625,683.6044311523438,334.6875,672.3516845703125,340.3125,610.4615478515625,362.8125,582.3297119140625,402.1875,599.2088012695312,458.4375,655.4725341796875,362.8125,689.2307739257812,396.5625,677.97802734375,458.4375,-128.0,-22.0,127.0
2021-10-15 18:57:54.570,S1,R4,644.2197875976562,261.5625,632.967041015625,295.3125,604.835205078125,295.3125,576.7033081054688,340.3125,599.2088012695312,351.5625,672.3516845703125,295.3125,689.2307739257812,340.3125,677.9780578613281,343.125,616.0879516601562,374.0625,582.3297119140625,402.1875,599.2088012695312,458.4375,655.4725341796875,368.4375,694.857177734375,402.1875,677.97802734375,458.4375,-128.0,-43.0,127.0
2021-10-15 18:57:54.600,S1,R4,644.2197875976562,278.4375,632.967041015625,300.9375,604.835205078125,300.9375,576.7033081054688,340.3125,593.5824584960938,362.8125,672.3516845703125,306.5625,689.2307739257812,345.9375,683.6044311523438,345.9375,616.0879516601562,379.6875,582.3297119140625,407.8125,599.2088012695312,458.4375,655.4725341796875,379.6875,694.857177734375,402.1875,677.97802734375,458.4375,-128.0,-68.0,92.0
2021-10-15 18:57:54.630,S1,R4,644.2197875976562,289.6875,638.5934448242188,312.1875,610.4615478515625,306.5625,582.3297119140625,345.9375,587.9560546875,368.4375,672.3516845703125,312.1875,689.2307739257812,351.5625,683.6044311523438,357.1875,616.0879516601562,385.3125,587.9560546875,407.8125,599.2088012695312,458.4375,655.4725341796875,385.3125,694.857177734375,402.1875,677.97802734375,458.4375,-54.0,-81.0,45.0
2021-10-15 18:57:54.660,S1,R4,644.2197875976562,300.9375,638.5934448242188,317.8125,604.835205078125,323.4375,576.7033081054688,351.5625,593.5824584960938,374.0625,672.3516845703125,312.1875,689.2307739257812,357.1875,689.2307739257812,362.8125,616.0879516601562,390.9375,587.9560546875,407.8125,599.2088012695312,458.4375,655.4725341796875,390.9375,694.857177734375,402.1875,677.97802734375,458.4375,-15.0,-83.0,31.0
2021-10-15 18:57:54.690,S1,R4,649.84619140625,295.3125,638.5934448242188,317.8125,604.835205078125,323.4375,576.7033081054688,357.1875,593.5824584960938,374.0625,672.3516845703125,312.1875,689.2307739257812,351.5625,689.2307739257812,362.8125,616.0879516601562,390.9375,593.5824584960938,413.4375,599.2088012695312,458.4375,655.4725341796875,390.9375,694.857177734375,402.1875,672.3516845703125,458.4375,4.0,-117.0,16.0
2021-10-15 18:57:54.720,S1,R4,649.84619140625,295.3125,638.5934448242188,317.8125,610.4615478515625,312.1875,582.3297119140625,351.5625,599.2088012695312,374.0625,672.3516845703125,312.1875,683.6044311523438,345.9375,689.2307739257812,362.8125,616.0879516601562,390.9375,593.5824584960938,413.4375,599.2088012695312,458.4375,655.4725341796875,385.3125,694.857177734375,402.1875,672.3516845703125,458.4375,16.0,-128.0,20.0
2021-10-15 18:57:54.750,S1,R4,655.4725341796875,284.0625,644.2197875976562,312.1875,610.4615478515625,306.5625,582.3297119140625,351.5625,599.2088012695312,368.4375,672.3516845703125,306.5625,683.6044311523438,334.6875,694.857177734375,357.1875,621.7142944335938,385.3125,593.5824584960938,413.4375,599.2088012695312,458.4375,655.4725341796875,379.6875,700.4835205078125,402.1875,672.3516845703125,458.4375,48.0,-128.0,-2.0
2021-10-15 18:57:54.780,S1,R4,661.0989379882812,272.8125,644.2197875976562,300.9375,610.4615478515625,300.9375,582.3297119140625,345.9375,604.835205078125,368.4375,672.3516845703125,300.9375,694.857177734375,345.9375,694.857177734375,343.125,621.7142944335938,374.0625,599.2088012695312,419.0625,599.2088012695312,458.4375,655.4725341796875,374.0625,700.4835205078125,402.1875,672.3516845703125,458.4375,76.0,-128.0,-8.0
2021-10-15 18:57:54.810,S1,R4,661.0989379882812,267.1875,649.84619140625,289.6875,616.0879516601562,289.6875,576.7033081054688,334.6875,616.0879516601562,345.9375,677.97802734375,289.6875,689.2307739257812,334.6875,694.857177734375,329.0625,616.0879516601562,368.4375,599.2088012695312,419.0625,599.2088012695312,458.4375,655.4725341796875,368.4375,700.4835205078125,402.1875,672.3516845703125,458.4375,62.0,-128.0,-39.0
2021-10-15 18:57:54.840,S1,R4,666.7252807617188,250.3125,649.84619140625,278.4375,616.0879516601562,278.4375,582.3297119140625,323.4375,621.7142944335938,334.6875,677.97802734375,278.4375,683.6044311523438,317.8125,700.4835205078125,317.8125,621.7142944335938,362.8125,604.835205078125,413.4375,599.2088012695312,458.4375,661.0989379882812,362.8125,706.1099243164062,396.5625,677.97802734375,452.8125,127.0,-128.0,-5.0
2021-10-15 18:57:54.870,S1,R4,672.3516845703125,239.0625,649.84619140625,267.1875,621.7142944335938,267.1875,587.9560546875,312.1875,621.7142944335938,323.4375,677.97802734375,267.1875,689.2307739257812,306.5625,694.857177734375,312.1875,621.7142944335938,351.5625,604.835205078125,413.4375,599.2088012695312,458.4375,661.0989379882812,351.5625,700.4835205078125,396.5625,677.97802734375,452.8125,127.0,-128.0,-32.0
2021-10-15 18:57:54.900,S1,R4,677.97802734375,227.8125,649.84619140625,255.9375,621.7142944335938,255.9375,587.9560546875,300.9375,621.7142944335938,300.9375,672.3516845703125,255.9375,689.2307739257812,289.6875,694.857177734375,295.3125,621.7142944335938,340.3125,610.4615478515625,407.8125,599.2088012695312,458.4375,661.0989379882812,345.9375,694.857177734375,390.9375,677.97802734375,452.8125,127.0,-128.0,17.0
2021-10-15 18:57:54.930,S1,R4,672.3516845703125,216.5625,649.84619140625,244.6875,627.3406982421875,239.0625,582.3297119140625,289.6875,621.7142944335938,295.3125,672.3516845703125,244.6875,689.2307739257812,278.4375,700.4835205078125,284.0625,621.7142944335938,334.6875,616.0879516601562,402.1875,599.2088012695312,458.4375,661.0989379882812,334.6875,689.2307739257812,390.9375,672.3516845703125,452.8125,127.0,-128.0,19.0
2021-10-15 18:57:54.960,S1,R4,677.97802734375,205.3125,649.84619140625,227.8125,627.3406982421875,227.8125,587.9560546875,272.8125,627.3406982421875,278.4375,672.3516845703125,233.4375,677.97802734375,267.1875,689.2307739257812,278.4375,627.3406982421875,323.4375,621.7142944335938,390.9375,599.2088012695312,452.8125,661.0989379882812,323.4375,683.6044311523438,379.6875,677.97802734375,452.8125,127.0,-118.0,21.0
2021-10-15 18:57:54.990,S1,R4,672.3516845703125,194.0625,649.84619140625,222.1875,627.3406982421875,216.5625,587.9560546875,267.1875,621.7142944335938,272.8125,666.7252807617188,227.8125,666.7252807617188,272.8125,689.2307739257812,267.1875,627.3406982421875,317.8125,621.7142944335938,385.3125,604.835205078125,447.1875,661.0989379882812,317.8125,677.97802734375,374.0625,672.3516845703125,447.1875,127.0,-108.0,23.0
2021-10-15 18:57:55.020,S1,R4,683.6044311523438,188.4375,649.84619140625,210.9375,627.3406982421875,210.9375,587.9560546875,255.9375,621.7142944335938,261.5625,672.3516845703125,216.5625,672.3516845703125,261.5625,689.2307739257812,261.5625,627.3406982421875,312.1875,627.3406982421875,379.6875,610.4615478515625,447.1875,661.0989379882812,312.1875,672.3516845703125,368.4375,666.7252807617188,447.1875,127.0,-31.0,36.0
2021-10-15 18:57:55.050,S1,R4,683.6044311523438,182.8125,649.84619140625,199.6875,627.3406982421875,199.6875,587.9560546875,244.6875,621.7142944335938,255.9375,666.7252807617188,210.9375,666.7252807617188,261.5625,683.6044311523438,267.1875,627.3406982421875,300.9375,627.3406982421875,374.0625,616.0879516601562,447.1875,661.0989379882812,300.9375,666.7252807617188,362.8125,666.7252807617188,441.5625,127.0,-68.0,19.0
2021-10-15 18:57:55.080,S1,R4,683.6044311523438,177.1875,649.84619140625,199.6875,627.3406982421875,199.6875,587.9560546875,244.6875,621.7142944335938,261.5625,661.0989379882812,205.3125,666.7252807617188,250.3125,683.6044311523438,267.1875,627.3406982421875,300.9375,627.3406982421875,374.0625,616.0879516601562,452.8125,661.0989379882812,300.9375,666.7252807617188,362.8125,655.4725341796875,435.9375,127.0,-109.0,14.0
2021-10-15 18:57:55.110,S1,R4,683.6044311523438,177.1875,644.2197875976562,205.3125,627.3406982421875,199.6875,587.9560546875,244.6875,621.7142944335938,261.5625,661.0989379882812,205.3125,666.7252807617188,250.3125,683.6044311523438,267.1875,627.3406982421875,306.5625,632.967041015625,374.0625,616.0879516601562,452.8125,661.0989379882812,300.9375,666.7252807617188,368.4375,649.84619140625,435.9375,127.0,-128.0,-8.0
2021-10-15 18:57:55.140,S1,R4,683.6044311523438,182.8125,649.84619140625,199.6875,632.967041015625,205.3125,587.9560546875,244.6875,621.7142944335938,261.5625,661.0989379882812,205.3125,666.7252807617188,261.5625,683.6044311523438,272.8125,627.3406982421875,306.5625,632.967041015625,374.0625,616.0879516601562,458.4375,655.4725341796875,306.5625,661.0989379882812,374.0625,644.2197875976562,441.5625,127.0,-128.0,-14.0
2021-10-15 18:57:55.170,S1,R4,683.6044311523438,188.4375,649.84619140625,205.3125,632.967041015625,205.3125,593.5824584960938,250.3125,632.967041015625,272.8125,661.0989379882812,216.5625,661.0989379882812,267.1875,677.97802734375,284.0625,632.967041015625,312.1875,638.5934448242188,379.6875,616.0879516601562,458.4375,655.4725341796875,312.1875,655.4725341796875,379.6875,638.5934448242188,447.1875,127.0,-128.0,-8.0
2021-10-15 18:57:55.200,S1,R4,677.97802734375,194.0625,649.84619140625,222.1875,638.5934448242188,216.5625,604.835205078125,261.5625,644.2197875976562,289.6875,661.0989379882812,222.1875,666.7252807617188,272.8125,672.3516845703125,289.6875,627.3406982421875,312.1875,649.84619140625,385.3125,621.7142944335938,464.0625,649.84619140625,317.8125,655.4725341796875,385.3125,638.5934448242188,452.8125,87.0,-128.0,-22.0
2021-10-15 18:57:55.230,S1,R4,683.6044311523438,205.3125,649.84619140625,227.8125,638.5934448242188,222.1875,610.4615478515625,272.8125,655.4725341796875,295.3125,661.0989379882812,227.8125,661.0989379882812,272.8125,677.97802734375,295.3125,627.3406982421875,317.8125,649.84619140625,390.9375,621.7142944335938,464.0625,649.84619140625,323.4375,655.4725341796875,390.9375,638.5934448242188,452.8125,76.0,-128.0,-24.0
2021-10-15 18:57:55.260,S1,R4,683.6044311523438,216.5625,649.84619140625,239.0625,638.5934448242188,239.0625,621.7142944335938,284.0625,655.4725341796875,312.1875,666.7252807617188,239.0625,666.7252807617188,284.0625,677.97802734375,312.1875,627.3406982421875,329.0625,649.84619140625,396.5625,621.7142944335938,464.0625,644.2197875976562,329.0625,655.4725341796875,396.5625,638.5934448242188,458.4375,52.0,-128.0,-14.0
2021-10-15 18:57:55.290,S1,R4,689.2307739257812,233.4375,655.4725341796875,250.3125,644.2197875976562,250.3125,632.967041015625,306.5625,677.97802734375,317.8125,666.7252807617188,250.3125,666.7252807617188,289.6875,683.6044311523438,306.5625,616.0879516601562,334.6875,655.4725341796875,396.5625,621.7142944335938,464.0625,638.5934448242188,340.3125,661.0989379882812,402.1875,638.5934448242188,458.4375,16.0,-128.0,-8.0
2021-10-15 18:57:55.320,S1,R4,700.4835205078125,239.0625,661.0989379882812,261.5625,655.4725341796875,255.9375,638.5934448242188,312.1875,683.6044311523438,334.6875,666.7252807617188,261.5625,661.0989379882812,300.9375,683.6044311523438,323.4375,616.0879516601562,340.3125,655.4725341796875,402.1875,621.7142944335938,464.0625,632.967041015625,340.3125,666.7252807617188,407.8125,638.5934448242188,458.4375,11.0,-128.0,-1.0
2021-10-15 18:57:55.350,S1,R4,706.1099243164062,255.9375,661.0989379882812,272.8125,661.0989379882812,272.8125,647.0329895019531,326.25,689.2308044433594,343.125,672.3516845703125,272.8125,655.4725341796875,323.4375,689.2307739257812,329.0625,616.0879516601562,357.1875,661.0989379882812,402.1875,621.7142944335938,464.0625,632.967041015625,357.1875,666.7252807617188,407.8125,638.5934448242188,458.4375,-23.0,-106.0,4.0
2021-10-15 18:57:55.380,S1,R4,706.1099243164062,267.1875,666.7252807617188,289.6875,661.0989379882812,289.6875,655.4725341796875,340.3125,694.857177734375,351.5625,677.97802734375,284.0625,666.7252807617188,329.0625,689.2307739257812,345.9375,616.0879516601562,362.8125,666.7252807617188,407.8125,621.7142944335938,464.0625,627.3406982421875,357.1875,672.3516845703125,402.1875,638.5934448242188,458.4375,-22.0,-62.0,63.0
2021-10-15 18:57:55.410,S1,R4,711.7362670898438,278.4375,672.3516845703125,295.3125,666.7252807617188,295.3125,655.4725341796875,351.5625,700.4835205078125,368.4375,677.97802734375,289.6875,672.3516845703125,345.9375,694.857177734375,357.1875,610.4615478515625,362.8125,666.7252807617188,407.8125,627.3406982421875,464.0625,627.3406982421875,362.8125,677.97802734375,402.1875,638.5934448242188,458.4375,-56.0,-58.0,82.0
2021-10-15 18:57:55.440,S1,R4,711.7362670898438,295.3125,677.97802734375,300.9375,672.3516845703125,306.5625,666.7252807617188,357.1875,706.1099243164062,374.0625,683.6044311523438,300.9375,672.3516845703125,357.1875,689.2307739257812,368.4375,604.835205078125,368.4375,666.7252807617188,407.8125,632.967041015625,464.0625,632.967041015625,368.4375,677.97802734375,402.1875,638.5934448242188,458.4375,-114.0,-13.0,87.0
2021-10-15 18:57:55.470,S1,R4,717.3626708984375,306.5625,677.97802734375,312.1875,672.3516845703125,312.1875,666.7252807617188,362.8125,706.1099243164062,385.3125,683.6044311523438,312.1875,677.97802734375,368.4375,694.857177734375,379.6875,610.4615478515625,374.0625,666.7252807617188,413.4375,632.967041015625,464.0625,632.967041015625,368.4375,677.97802734375,402.1875,632.967041015625,458.4375,-128.0,-17.0,107.0
2021-10-15 18:57:55.500,S1,R4,722.989013671875,306.5625,683.6044311523438,312.1875,677.97802734375,317.8125,672.3516845703125,374.0625,706.1099243164062,390.9375,689.2308044433594,309.375,686.4175872802734,364.21875,704.7033233642578,372.65625,616.0879516601562,374.0625,672.3516845703125,413.4375,632.967041015625,464.0625,632.967041015625,374.0625,677.97802734375,402.1875,638.5934448242188,458.4375,-128.0,-22.0,109.0
2021-10-15 18:57:55.530,S1,R4,728.6154174804688,300.9375,683.6044311523438,312.1875,683.6044311523438,317.8125,677.97802734375,374.0625,717.3626708984375,390.9375,694.857177734375,306.5625,694.8571472167969,360.0,714.5494689941406,365.625,621.7142944335938,374.0625,672.3516845703125,413.4375,632.967041015625,464.0625,638.5934448242188,368.4375,683.6044311523438,407.8125,638.5934448242188,458.4375,-128.0,-29.0,84.0
2021-10-15 18:57:55.560,S1,R4,728.6154174804688,295.3125,694.857177734375,306.5625,689.2307739257812,312.1875,689.2307739257812,374.0625,728.6154174804688,379.6875,700.4835510253906,303.75,703.2967071533203,355.78125,724.3956146240234,358.59375,627.3406982421875,368.4375,677.97802734375,413.4375,632.967041015625,458.4375,638.5934448242188,368.4375,683.6044311523438,407.8125,638.5934448242188,458.4375,-128.0,-35.0,79.0
2021-10-15 18:57:55.590,S1,R4,728.6154174804688,289.6875,700.4835205078125,300.9375,694.857177734375,306.5625,700.4835205078125,362.8125,734.2417602539062,362.8125,706.1099243164062,300.9375,711.7362670898438,351.5625,734.2417602539062,351.5625,632.967041015625,362.8125,677.97802734375,413.4375,627.3406982421875,458.4375,655.4725341796875,362.8125,689.2307739257812,413.4375,638.5934448242188,458.4375,-108.0,-56.0,60.0
2021-10-15 18:57:55.620,S1,R4,739.8681640625,278.4375,706.1099243164062,295.3125,706.1099243164062,289.6875,715.4871826171875,347.8125,747.3699747721354,338.4375,700.4835205078125,284.0625,722.989013671875,334.6875,751.1209106445312,334.6875,644.2197875976562,357.1875,683.6044311523438,413.4375,627.3406982421875,458.4375,655.4725341796875,362.8125,683.6044311523438,413.4375,638.5934448242188,458.4375,-58.0,-94.0,27.0
2021-10-15 18:57:55.650,S1,R4,745.4945068359375,261.5625,711.7362670898438,278.4375,711.7362670898438,278.4375,730.4908447265625,332.8125,760.4981892903646,314.0625,700.4835205078125,267.1875,728.6154174804688,284.0625,751.1209106445312,295.3125,655.4725341796875,351.5625,683.6044311523438,413.4375,627.3406982421875,458.4375,649.84619140625,345.9375,677.97802734375,413.4375,644.2197875976562,458.4375,-26.0,-109.0,16.0
2021-10-15 18:57:55.680,S1,R4,751.1209106445312,244.6875,717.3626708984375,267.1875,717.3626708984375,272.8125,745.4945068359375,317.8125,773.6264038085938,289.6875,711.7362670898438,261.5625,711.7362670898438,284.0625,760.4981892903646,276.5625,666.7252807617188,340.3125,683.6044311523438,413.4375,627.3406982421875,458.4375,661.0989379882812,334.6875,683.6044311523438,407.8125,644.2197875976562,452.8125,8.0,-128.0,0.0
2021-10-15 18:57:55.710,S1,R4,756.7472534179688,227.8125,722.989013671875,255.9375,728.6154174804688,255.9375,751.1209106445312,300.9375,773.6264038085938,278.4375,717.3626708984375,244.6875,751.1209106445312,300.9375,769.8754679361979,257.8125,677.97802734375,334.6875,689.2307739257812,407.8125,627.3406982421875,458.4375,672.3516845703125,329.0625,683.6044311523438,402.1875,644.2197875976562,452.8125,14.0,-128.0,-10.5
2021-10-15 18:57:55.740,S1,R4,768.0,210.9375,728.6154174804688,233.4375,734.2417602539062,239.0625,756.7472534179688,278.4375,779.2527465820312,255.9375,722.989013671875,233.4375,751.1209106445312,278.4375,779.2527465820312,239.0625,700.4835205078125,323.4375,694.857177734375,396.5625,638.5934448242188,452.8125,694.857177734375,317.8125,689.2307739257812,396.5625,644.2197875976562,452.8125,20.0,-128.0,-21.0
2021-10-15 18:57:55.770,S1,R4,768.0,194.0625,734.2417602539062,222.1875,745.4945068359375,222.1875,768.0,267.1875,790.5054931640625,239.0625,717.3626708984375,216.5625,768.0,255.9375,788.9710304953835,241.6193181818182,722.989013671875,317.8125,694.857177734375,385.3125,649.84619140625,441.5625,706.1099243164062,312.1875,694.857177734375,379.6875,655.4725341796875,435.9375,11.0,-128.0,-35.0
2021-10-15 18:57:55.800,S1,R4,773.6264038085938,182.8125,745.4945068359375,210.9375,751.1209106445312,205.3125,773.6264038085938,250.3125,790.5054931640625,233.4375,722.989013671875,205.3125,762.3736572265625,239.0625,798.6893144087358,244.17613636363637,734.2417602539062,306.5625,711.7362670898438,368.4375,661.0989379882812,424.6875,717.3626708984375,300.9375,706.1099243164062,368.4375,666.7252807617188,419.0625,50.0,-128.0,4.0
2021-10-15 18:57:55.830,S1,R4,779.2527465820312,171.5625,745.4945068359375,199.6875,756.7472534179688,194.0625,790.5054931640625,239.0625,796.1318969726562,227.8125,739.8681640625,194.0625,773.6264038085938,239.0625,808.4075983220881,246.73295454545453,745.4945068359375,295.3125,734.2417602539062,368.4375,672.3516845703125,413.4375,734.2417602539062,295.3125,722.989013671875,357.1875,677.97802734375,407.8125,42.0,-128.0,-36.0
2021-10-15 18:57:55.860,S1,R4,790.5054931640625,165.9375,756.7472534179688,199.6875,768.0,194.0625,807.3846435546875,233.4375,818.6373901367188,222.1875,739.8681640625,194.0625,796.1318969726562,233.4375,818.1258822354404,249.28977272727272,756.7472534179688,295.3125,756.7472534179688,362.8125,689.2307739257812,407.8125,739.8681640625,289.6875,739.8681640625,351.5625,689.2307739257812,396.5625,127.0,-128.0,6.0
2021-10-15 18:57:55.890,S1,R4,801.7582397460938,165.9375,768.0,188.4375,779.2527465820312,182.8125,807.3846435546875,233.4375,835.5164794921875,233.4375,751.1209106445312,188.4375,734.2417602539062,244.6875,827.8441661487926,251.8465909090909,768.0,284.0625,773.6264038085938,357.1875,711.7362670898438,396.5625,745.4945068359375,278.4375,756.7472534179688,345.9375,711.7362670898438,390.9375,127.0,-128.0,9.0
2021-10-15 18:57:55.920,S1,R4,818.6373901367188,160.3125,779.2527465820312,182.8125,796.1318969726562,188.4375,813.010986328125,233.4375,846.7692260742188,250.3125,762.3736572265625,182.8125,745.4945068359375,227.8125,837.5624500621449,254.4034090909091,779.2527465820312,278.4375,790.5054931640625,351.5625,739.8681640625,407.8125,756.7472534179688,272.8125,773.6264038085938,345.9375,722.989013671875,385.3125,127.0,-128.0,-8.0
2021-10-15 18:57:55.950,S1,R4,829.89013671875,165.9375,790.5054931640625,182.8125,801.7582397460938,182.8125,824.2637329101562,233.4375,858.02197265625,250.3125,773.6264038085938,182.8125,756.7472534179688,227.8125,847.2807339754971,256.96022727272725,790.5054931640625,284.0625,801.7582397460938,351.5625,762.3736572265625,413.4375,762.3736572265625,278.4375,784.879150390625,345.9375,745.4945068359375,390.9375,127.0,-128.0,65.0
2021-10-15 18:57:55.980,S1,R4,841.1428833007812,165.9375,807.3846435546875,182.8125,818.6373901367188,182.8125,824.2637329101562,227.8125,863.6483764648438,250.3125,790.5054931640625,182.8125,762.3736572265625,222.1875,856.9990178888495,259.51704545454544,796.1318969726562,284.0625,813.010986328125,351.5625,796.1318969726562,430.3125,779.2527465820312,278.4375,790.5054931640625,345.9375,762.3736572265625,396.5625,127.0,-38.0,48.0
2021-10-15 18:57:56.010,S1,R4,852.3956298828125,171.5625,813.010986328125,188.4375,829.89013671875,188.4375,835.5164794921875,239.0625,869.2747192382812,255.9375,796.1318969726562,188.4375,779.2527465820312,227.8125,866.7173018022017,262.0738636363636,801.7582397460938,289.6875,824.2637329101562,351.5625,818.6373901367188,424.6875,779.2527465820312,278.4375,801.7582397460938,345.9375,784.879150390625,407.8125,127.0,-83.0,30.0
2021-10-15 18:57:56.040,S1,R4,869.2747192382812,182.8125,829.89013671875,199.6875,841.1428833007812,199.6875,846.7692260742188,244.6875,886.1538696289062,267.1875,813.010986328125,194.0625,818.6373901367188,222.1875,876.435585715554,264.6306818181818,807.3846435546875,295.3125,835.5164794921875,357.1875,852.3956298828125,435.9375,790.5054931640625,289.6875,807.3846435546875,357.1875,807.3846435546875,413.4375,127.0,-128.0,12.0
2021-10-15 18:57:56.070,S1,R4,880.5274658203125,188.4375,835.5164794921875,205.3125,852.3956298828125,210.9375,852.3956298828125,255.9375,886.1538696289062,272.8125,824.2637329101562,199.6875,841.1428833007812,255.9375,886.1538696289062,267.1875,818.6373901367188,300.9375,852.3956298828125,362.8125,874.901123046875,441.5625,801.7582397460938,295.3125,829.89013671875,362.8125,824.2637329101562,413.4375,127.0,-128.0,13.0
2021-10-15 18:57:56.100,S1,R4,891.7802124023438,210.9375,846.7692260742188,227.8125,863.6483764648438,222.1875,863.6483764648438,272.8125,897.4066162109375,295.3125,835.5164794921875,216.5625,824.2637329101562,272.8125,886.1538696289062,300.9375,824.2637329101562,312.1875,874.901123046875,374.0625,897.4066162109375,447.1875,801.7582397460938,312.1875,841.1428833007812,368.4375,841.1428833007812,424.6875,127.0,-128.0,19.0
2021-10-15 18:57:56.130,S1,R4,897.4066162109375,216.5625,858.02197265625,239.0625,874.901123046875,239.0625,869.2747192382812,289.6875,908.6593627929688,300.9375,841.1428833007812,233.4375,824.2637329101562,267.1875,897.4066162109375,312.1875,835.5164794921875,329.0625,880.5274658203125,379.6875,908.6593627929688,458.4375,813.010986328125,323.4375,852.3956298828125,379.6875,852.3956298828125,435.9375,103.0,-128.0,20.0
2021-10-15 18:57:56.160,S1,R4,908.6593627929688,233.4375,863.6483764648438,250.3125,880.5274658203125,255.9375,886.1538696289062,306.5625,914.2857666015625,317.8125,846.7692260742188,244.6875,846.7692260742188,317.8125,908.6593627929688,323.4375,852.3956298828125,345.9375,903.0330200195312,390.9375,919.912109375,464.0625,824.2637329101562,340.3125,863.6483764648438,385.3125,863.6483764648438,435.9375,74.0,-128.0,16.0
2021-10-15 18:57:56.190,S1,R4,908.6593627929688,255.9375,869.2747192382812,272.8125,886.1538696289062,267.1875,897.4066162109375,334.6875,931.1648559570312,334.6875,852.3956298828125,261.5625,846.7692260742188,306.5625,919.912109375,329.0625,852.3956298828125,357.1875,936.791259765625,390.9375,925.5385131835938,464.0625,829.89013671875,357.1875,874.901123046875,390.9375,874.901123046875,441.5625,47.0,-128.0,9.0
2021-10-15 18:57:56.220,S1,R4,919.912109375,261.5625,874.901123046875,278.4375,891.7802124023438,284.0625,903.0330200195312,340.3125,942.4176025390625,345.9375,869.2747192382812,272.8125,903.0330200195312,340.3125,931.1648559570312,334.6875,858.02197265625,368.4375,942.4176025390625,390.9375,925.5385131835938,464.0625,846.7692260742188,362.8125,886.1538696289062,390.9375,874.901123046875,441.5625,28.0,-128.0,-9.0
2021-10-15 18:57:56.250,S1,R4,931.1648559570312,272.8125,886.1538696289062,295.3125,897.4066162109375,295.3125,914.2857666015625,357.1875,953.6703491210938,351.5625,874.901123046875,284.0625,908.6593627929688,345.9375,948.0440063476562,351.5625,863.6483764648438,379.6875,953.6703491210938,390.9375,925.5385131835938,464.0625,852.3956298828125,374.0625,908.6593627929688,379.6875,874.901123046875,441.5625,27.0,-128.0,-8.0
2021-10-15 18:57:56.280,S1,R4,931.1648559570312,284.0625,891.7802124023438,300.9375,903.0330200195312,306.5625,925.5385131835938,362.8125,959.2967529296875,362.8125,874.901123046875,295.3125,908.6593627929688,362.8125,948.0440063476562,362.8125,863.6483764648438,385.3125,948.0440063476562,390.9375,919.912109375,464.0625,852.3956298828125,379.6875,908.6593627929688,385.3125,880.5274658203125,435.9375,12.0,-128.0,-1.0
2021-10-15 18:57:56.310,S1,R4,936.791259765625,295.3125,897.4066162109375,312.1875,908.6593627929688,312.1875,925.5385131835938,368.4375,970.5494995117188,368.4375,886.1538696289062,306.5625,886.1538696289062,329.0625,949.9194539388021,364.6875,874.901123046875,390.9375,953.6703491210938,390.9375,919.912109375,464.0625,852.3956298828125,385.3125,908.6593627929688,390.9375,880.5274658203125,441.5625,-30.0,-107.0,6.0
2021-10-15 18:57:56.340,S1,R4,942.4176025390625,300.9375,903.0330200195312,317.8125,914.2857666015625,317.8125,931.1648559570312,379.6875,970.5494995117188,368.4375,891.7802124023438,306.5625,897.4066162109375,368.4375,951.7949015299479,366.5625,880.5274658203125,396.5625,964.923095703125,396.5625,919.912109375,464.0625,858.02197265625,390.9375,891.7802124023438,379.6875,880.5274658203125,441.5625,-67.0,-97.0,14.0
2021-10-15 18:57:56.370,S1,R4,948.0440063476562,306.5625,903.0330200195312,323.4375,919.912109375,323.4375,936.791259765625,379.6875,970.5494995117188,374.0625,897.4066162109375,312.1875,931.1648559570312,334.6875,953.6703491210938,368.4375,880.5274658203125,402.1875,970.5494995117188,396.5625,925.5385131835938,464.0625,869.2747192382812,396.5625,936.791259765625,374.0625,886.1538696289062,441.5625,-127.0,-69.0,54.0
2021-10-15 18:57:56.400,S1,R4,948.0440063476562,306.5625,908.6593627929688,323.4375,919.912109375,329.0625,942.4176025390625,385.3125,976.1758422851562,374.0625,903.0330200195312,317.8125,931.1648559570312,334.6875,959.2967529296875,334.6875,880.5274658203125,402.1875,976.1758422851562,396.5625,925.5385131835938,464.0625,869.2747192382812,396.5625,931.1648559570312,390.9375,880.5274658203125,447.1875,-128.0,-60.0,71.0
2021-10-15 18:57:56.430,S1,R4,948.0440063476562,306.5625,919.912109375,323.4375,925.5385131835938,329.0625,948.0440063476562,385.3125,976.1758422851562,374.0625,903.0330200195312,317.8125,914.2857666015625,351.5625,959.2967529296875,368.4375,886.1538696289062,407.8125,970.5494995117188,402.1875,925.5385131835938,464.0625,869.2747192382812,396.5625,936.791259765625,390.9375,886.1538696289062,441.5625,-128.0,-46.0,95.0
2021-10-15 18:57:56.460,S1,R4,953.6703491210938,306.5625,919.912109375,323.4375,925.5385131835938,329.0625,948.0440063476562,385.3125,976.1758422851562,374.0625,908.6593627929688,317.8125,919.912109375,351.5625,964.923095703125,368.4375,891.7802124023438,407.8125,976.1758422851562,402.1875,925.5385131835938,464.0625,874.901123046875,396.5625,931.1648559570312,396.5625,886.1538696289062,441.5625,-128.0,-54.0,87.0
2021-10-15 18:57:56.490,S1,R4,959.2967529296875,300.9375,919.912109375,323.4375,931.1648559570312,323.4375,948.0440063476562,385.3125,976.1758422851562,379.6875,908.6593627929688,312.1875,891.7802124023438,357.1875,976.1758422851562,374.0625,897.4066162109375,402.1875,976.1758422851562,407.8125,931.1648559570312,464.0625,874.901123046875,396.5625,891.7802124023438,390.9375,886.1538696289062,441.5625,-128.0,-62.0,79.0
2021-10-15 18:57:56.520,S1,R4,959.2967529296875,300.9375,925.5385131835938,317.8125,936.791259765625,317.8125,948.0440063476562,379.6875,981.80224609375,374.0625,914.2857666015625,306.5625,948.0440063476562,368.4375,976.1758422851562,374.0625,903.0330200195312,396.5625,981.80224609375,402.1875,931.1648559570312,464.0625,874.901123046875,390.9375,931.1648559570312,407.8125,886.1538696289062,441.5625,-128.0,-67.0,59.0
2021-10-15 18:57:56.550,S1,R4,964.923095703125,295.3125,925.5385131835938,312.1875,936.791259765625,317.8125,948.0440063476562,379.6875,987.4285888671875,374.0625,914.2857666015625,306.5625,953.6703491210938,368.4375,976.1758422851562,374.0625,903.0330200195312,390.9375,981.80224609375,402.1875,931.1648559570312,464.0625,891.7802124023438,385.3125,964.923095703125,379.6875,886.1538696289062,441.5625,-56.0,-73.0,5.0
2021-10-15 18:57:56.580,S1,R4,964.923095703125,284.0625,925.5385131835938,306.5625,942.4176025390625,312.1875,948.0440063476562,374.0625,981.80224609375,368.4375,914.2857666015625,300.9375,948.0440063476562,362.8125,976.1758422851562,368.4375,903.0330200195312,385.3125,981.80224609375,402.1875,931.1648559570312,464.0625,891.7802124023438,379.6875,964.923095703125,374.0625,886.1538696289062,441.5625,20.0,-70.0,-29.0
2021-10-15 18:57:56.610,S1,R4,970.5494995117188,278.4375,925.5385131835938,300.9375,942.4176025390625,306.5625,948.0440063476562,362.8125,981.80224609375,362.8125,914.2857666015625,289.6875,953.6703491210938,362.8125,976.1758422851562,362.8125,908.6593627929688,385.3125,981.80224609375,407.8125,931.1648559570312,464.0625,891.7802124023438,379.6875,908.6593627929688,407.8125,886.1538696289062,441.5625,35.0,-95.0,-32.0
2021-10-15 18:57:56.640,S1,R4,976.1758422851562,272.8125,931.1648559570312,295.3125,942.4176025390625,300.9375,948.0440063476562,362.8125,987.4285888671875,357.1875,919.912109375,284.0625,942.4176025390625,340.3125,976.1758422851562,357.1875,908.6593627929688,379.6875,981.80224609375,407.8125,931.1648559570312,464.0625,891.7802124023438,374.0625,908.6593627929688,407.8125,886.1538696289062,441.5625,127.0,-80.0,-43.0
2021-10-15 18:57:56.670,S1,R4,976.1758422851562,261.5625,931.1648559570312,289.6875,942.4176025390625,295.3125,942.4176025390625,345.9375,981.80224609375,351.5625,914.2857666015625,278.4375,886.1538696289062,312.1875,976.1758422851562,343.125,914.2857666015625,374.0625,976.1758422851562,413.4375,925.5385131835938,464.0625,891.7802124023438,362.8125,908.6593627929688,402.1875,886.1538696289062,441.5625,127.0,-49.0,-26.0
2021-10-15 18:57:56.700,S1,R4,976.1758422851562,255.9375,925.5385131835938,278.4375,948.0440063476562,284.0625,942.4176025390625,340.3125,976.1758422851562,340.3125,919.912109375,272.8125,936.791259765625,340.3125,976.1758422851562,329.0625,914.2857666015625,368.4375,976.1758422851562,413.4375,931.1648559570312,464.0625,891.7802124023438,357.1875,908.6593627929688,402.1875,886.1538696289062,441.5625,127.0,31.0,20.0
2021-10-15 18:57:56.730,S1,R4,976.1758422851562,255.9375,931.1648559570312,272.8125,942.4176025390625,278.4375,942.4176025390625,340.3125,981.80224609375,329.0625,914.2857666015625,261.5625,942.4176025390625,323.4375,981.80224609375,329.0625,914.2857666015625,357.1875,976.1758422851562,407.8125,931.1648559570312,464.0625,891.7802124023438,357.1875,914.2857666015625,396.5625,886.1538696289062,441.5625,127.0,31.0,-4.0
2021-10-15 18:57:56.760,S1,R4,976.1758422851562,244.6875,931.1648559570312,267.1875,942.4176025390625,267.1875,942.4176025390625,323.4375,976.1758422851562,317.8125,914.2857666015625,261.5625,891.7802124023438,300.9375,978.9890441894531,317.8125,914.2857666015625,351.5625,976.1758422851562,407.8125,931.1648559570312,464.0625,891.7802124023438,345.9375,914.2857666015625,402.1875,886.1538696289062,441.5625,127.0,7.0,-8.0
2021-10-15 18:57:56.790,S1,R4,970.5494995117188,233.4375,931.1648559570312,261.5625,942.4176025390625,261.5625,936.791259765625,317.8125,976.1758422851562,312.1875,914.2857666015625,255.9375,936.791259765625,312.1875,976.1758422851562,306.5625,914.2857666015625,345.9375,976.1758422851562,402.1875,931.1648559570312,464.0625,897.4066162109375,340.3125,914.2857666015625,396.5625,886.1538696289062,441.5625,95.0,-6.0,45.0
2021-10-15 18:57:56.820,S1,R4,970.5494995117188,233.4375,931.1648559570312,255.9375,942.4176025390625,255.9375,936.791259765625,317.8125,981.80224609375,312.1875,914.2857666015625,250.3125,942.4176025390625,306.5625,976.1758422851562,306.5625,914.2857666015625,340.3125,970.5494995117188,402.1875,931.1648559570312,464.0625,897.4066162109375,340.3125,914.2857666015625,396.5625,886.1538696289062,441.5625,10.0,6.0,-7.0
2021-10-15 18:57:56.850,S1,R4,970.5494995117188,222.1875,931.1648559570312,250.3125,936.791259765625,250.3125,936.791259765625,306.5625,981.80224609375,306.5625,914.2857666015625,244.6875,936.791259765625,306.5625,976.1758422851562,300.9375,919.912109375,340.3125,970.5494995117188,402.1875,931.1648559570312,464.0625,897.4066162109375,334.6875,908.6593627929688,390.9375,880.5274658203125,441.5625,14.0,-9.0,-13.0
2021-10-15 18:57:56.880,S1,R4,970.5494995117188,216.5625,931.1648559570312,250.3125,936.791259765625,250.3125,936.791259765625,295.3125,976.1758422851562,300.9375,919.912109375,239.0625,936.791259765625,300.9375,970.5494995117188,300.9375,919.912109375,340.3125,959.2967529296875,396.5625,931.1648559570312,464.0625,897.4066162109375,334.6875,908.6593627929688,390.9375,880.5274658203125,441.5625,40.0,-33.0,43.0
2021-10-15 18:57:56.910,S1,R4,964.923095703125,210.9375,925.5385131835938,244.6875,936.791259765625,244.6875,936.791259765625,295.3125,976.1758422851562,300.9375,914.2857666015625,239.0625,936.791259765625,300.9375,970.5494995117188,295.3125,919.912109375,334.6875,953.6703491210938,396.5625,931.1648559570312,464.0625,897.4066162109375,329.0625,908.6593627929688,390.9375,880.5274658203125,441.5625,72.0,-38.0,13.0
2021-10-15 18:57:56.940,S1,R4,964.923095703125,210.9375,925.5385131835938,239.0625,936.791259765625,239.0625,936.791259765625,295.3125,976.1758422851562,295.3125,919.912109375,233.4375,931.1648559570312,289.6875,976.1758422851562,289.6875,919.912109375,334.6875,953.6703491210938,396.5625,931.1648559570312,464.0625,897.4066162109375,329.0625,908.6593627929688,390.9375,886.1538696289062,447.1875,81.0,-39.0,20.0
2021-10-15 18:57:56.970,S1,R4,959.2967529296875,210.9375,925.5385131835938,239.0625,936.791259765625,239.0625,931.1648559570312,295.3125,976.1758422851562,295.3125,919.912109375,233.4375,931.1648559570312,284.0625,976.1758422851562,289.6875,925.5385131835938,334.6875,948.0440063476562,396.5625,931.1648559570312,464.0625,897.4066162109375,323.4375,903.0330200195312,390.9375,886.1538696289062,441.5625,100.0,-13.0,77.0
2021-10-15 18:57:57.000,S1,R4,959.2967529296875,210.9375,925.5385131835938,233.4375,936.791259765625,239.0625,931.1648559570312,289.6875,976.1758422851562,295.3125,919.912109375,233.4375,931.1648559570312,284.0625,970.5494995117188,284.0625,925.5385131835938,334.6875,948.0440063476562,396.5625,931.1648559570312,469.6875,897.4066162109375,323.4375,903.0330200195312,390.9375,880.5274658203125,441.5625,105.0,-28.0,59.0
2021-10-15 18:57:57.030,S1,R4,959.2967529296875,210.9375,925.5385131835938,239.0625,931.1648559570312,239.0625,929.2894083658854,289.6875,974.3003946940104,293.4375,931.1648559570312,233.4375,942.4176025390625,278.4375,964.923095703125,284.0625,919.912109375,329.0625,942.4176025390625,396.5625,931.1648559570312,469.6875,903.0330200195312,323.4375,903.0330200195312,390.9375,886.1538696289062,441.5625,81.0,0.0,29.0
2021-10-15 18:57:57.060,S1,R4,959.2967529296875,210.9375,925.5385131835938,239.0625,925.5385131835938,239.0625,927.4139607747396,289.6875,972.4249471028646,291.5625,936.791259765625,239.0625,948.0440063476562,278.4375,964.923095703125,284.0625,919.912109375,329.0625,942.4176025390625,396.5625,925.5385131835938,469.6875,908.6593627929688,323.4375,897.4066162109375,390.9375,880.5274658203125,441.5625,125.0,-14.0,60.0
2021-10-15 18:57:57.090,S1,R4,959.2967529296875,210.9375,925.5385131835938,233.4375,925.5385131835938,239.0625,925.5385131835938,289.6875,970.5494995117188,289.6875,933.9780578613281,236.25,945.2308044433594,278.4375,967.7362976074219,284.0625,925.5385131835938,329.0625,936.791259765625,396.5625,931.1648559570312,469.6875,903.0330200195312,323.4375,897.4066162109375,390.9375,880.5274658203125,441.5625,116.0,-25.0,68.0
2021-10-15 18:57:57.120,S1,R4,953.6703491210938,205.3125,919.912109375,239.0625,925.5385131835938,239.0625,924.2882080078125,290.3125,969.2991943359375,289.6875,931.1648559570312,233.4375,942.4176025390625,278.4375,970.5494995117188,284.0625,919.912109375,329.0625,931.1648559570312,402.1875,925.5385131835938,469.6875,908.6593627929688,323.4375,897.4066162109375,390.9375,880.5274658203125,441.5625,79.0,-2.0,23.0
2021-10-15 18:57:57.150,S1,R4,953.6703491210938,205.3125,919.912109375,239.0625,925.5385131835938,239.0625,923.0379028320312,290.9375,968.0488891601562,289.6875,931.1648559570312,233.4375,942.4176025390625,278.4375,970.5494995117188,284.0625,919.912109375,334.6875,931.1648559570312,402.1875,925.5385131835938,469.6875,908.6593627929688,329.0625,897.4066162109375,390.9375,880.5274658203125,441.5625,125.0,-1.0,34.0
2021-10-15 18:57:57.180,S1,R4,953.6703491210938,205.3125,919.912109375,239.0625,919.912109375,239.0625,921.78759765625,291.5625,966.798583984375,289.6875,931.1648559570312,233.4375,931.1648559570312,278.4375,964.923095703125,284.0625,919.912109375,334.6875,931.1648559570312,402.1875,925.5385131835938,469.6875,908.6593627929688,329.0625,897.4066162109375,390.9375,880.5274658203125,447.1875,127.0,6.0,50.0
2021-10-15 18:57:57.210,S1,R4,953.6703491210938,205.3125,919.912109375,239.0625,919.912109375,239.0625,920.5372924804688,292.1875,965.5482788085938,289.6875,925.5385131835938,233.4375,919.912109375,278.4375,964.923095703125,284.0625,919.912109375,334.6875,931.1648559570312,402.1875,925.5385131835938,475.3125,908.6593627929688,329.0625,897.4066162109375,390.9375,880.5274658203125,447.1875,127.0,17.0,40.0
2021-10-15 18:57:57.240,S1,R4,953.6703491210938,205.3125,919.912109375,239.0625,919.912109375,239.0625,919.2869873046875,292.8125,964.2979736328125,289.6875,925.5385131835938,236.25,919.912109375,281.25,964.923095703125,284.0625,919.912109375,334.6875,925.5385131835938,402.1875,925.5385131835938,475.3125,908.6593627929688,329.0625,897.4066162109375,390.9375,880.5274658203125,447.1875,127.0,28.0,30.0
2021-10-15 18:57:57.270,S1,R4,953.6703491210938,205.3125,919.912109375,239.0625,919.912109375,239.0625,918.0366821289062,293.4375,963.0476684570312,289.6875,925.5385131835938,239.0625,919.912109375,284.0625,964.923095703125,284.0625,919.912109375,334.6875,925.5385131835938,402.1875,925.5385131835938,475.3125,914.2857666015625,329.0625,897.4066162109375,390.9375,880.5274658203125,447.1875,127.0,36.0,39.0
2021-10-15 18:57:57.300,S1,R4,953.6703491210938,210.9375,919.912109375,244.6875,919.912109375,239.0625,916.786376953125,294.0625,961.79736328125,289.6875,925.5385131835938,239.0625,914.2857666015625,278.4375,964.923095703125,284.0625,919.912109375,334.6875,925.5385131835938,402.1875,925.5385131835938,475.3125,908.6593627929688,329.0625,897.4066162109375,390.9375,880.5274658203125,447.1875,127.0,61.0,72.0
2021-10-15 18:57:57.330,S1,R4,953.6703491210938,210.9375,919.912109375,244.6875,919.912109375,239.0625,915.5360717773438,294.6875,960.5470581054688,289.6875,925.5385131835938,244.6875,914.2857666015625,278.4375,964.923095703125,284.0625,919.912109375,334.6875,925.5385131835938,402.1875,925.5385131835938,475.3125,914.2857666015625,329.0625,897.4066162109375,390.9375,880.5274658203125,447.1875,127.0,60.0,37.0
2021-10-15 18:57:57.360,S1,R4,953.6703491210938,210.9375,919.912109375,244.6875,914.2857666015625,244.6875,914.2857666015625,295.3125,959.2967529296875,289.6875,931.1648559570312,244.6875,919.912109375,284.0625,964.923095703125,284.0625,919.912109375,334.6875,925.5385131835938,407.8125,925.5385131835938,475.3125,914.2857666015625,329.0625,897.4066162109375,390.9375,880.5274658203125,447.1875,127.0,33.0,9.0
2021-10-15 18:57:57.390,S1,R4,953.6703491210938,210.9375,919.912109375,244.6875,919.912109375,244.6875,914.2857666015625,295.3125,959.2967529296875,289.6875,925.5385131835938,244.6875,914.2857666015625,284.0625,964.1193324497768,284.0625,919.912109375,334.6875,925.5385131835938,402.1875,925.5385131835938,475.3125,914.2857666015625,329.0625,897.4066162109375,390.9375,880.5274658203125,447.1875,68.0,1.0,-17.0
2021-10-15 18:57:57.420,S1,R4,948.0440063476562,210.9375,919.912109375,244.6875,919.912109375,239.0625,914.2857666015625,295.3125,959.2967529296875,289.6875,919.912109375,239.0625,914.2857666015625,284.0625,963.3155691964286,284.0625,919.912109375,334.6875,925.5385131835938,407.8125,925.5385131835938,480.9375,908.6593627929688,329.0625,897.4066162109375,396.5625,880.5274658203125,447.1875,-50.0,-17.0,-64.0
2021-10-15 18:57:57.450,S1,R4,953.6703491210938,205.3125,919.912109375,244.6875,919.912109375,239.0625,914.2857666015625,295.3125,959.2967529296875,289.6875,921.0373901367187,240.1875,914.2857666015625,284.0625,962.5118059430804,284.0625,919.912109375,340.3125,925.5385131835938,407.8125,925.5385131835938,475.3125,908.6593627929688,329.0625,897.4066162109375,396.5625,880.5274658203125,447.1875,-81.0,-1.0,-75.0
2021-10-15 18:57:57.480,S1,R4,953.6703491210938,205.3125,919.912109375,244.6875,919.912109375,244.6875,914.2857666015625,295.3125,959.2967529296875,289.6875,922.1626708984375,241.3125,914.2857666015625,284.0625,961.7080426897321,284.0625,919.912109375,340.3125,925.5385131835938,407.8125,931.1648559570312,480.9375,908.6593627929688,329.0625,897.4066162109375,396.5625,880.5274658203125,447.1875,-38.0,-6.0,-54.0
2021-10-15 18:57:57.510,S1,R4,953.6703491210938,205.3125,919.912109375,244.6875,919.912109375,239.0625,914.2857666015625,295.3125,959.2967529296875,289.6875,923.2879516601563,242.4375,914.2857666015625,284.0625,960.904279436384,284.0625,919.912109375,340.3125,925.5385131835938,407.8125,931.1648559570312,480.9375,908.6593627929688,329.0625,891.7802124023438,390.9375,880.5274658203125,447.1875,-41.0,-30.0,-8.0
2021-10-15 18:57:57.540,S1,R4,953.6703491210938,205.3125,919.912109375,244.6875,919.912109375,244.6875,914.2857666015625,295.3125,959.2967529296875,289.6875,924.413232421875,243.5625,914.2857666015625,284.0625,960.1005161830357,284.0625,919.912109375,340.3125,925.5385131835938,407.8125,931.1648559570312,475.3125,908.6593627929688,329.0625,891.7802124023438,390.9375,880.5274658203125,447.1875,-34.0,-6.0,26.0
2021-10-15 18:57:57.570,S1,R4,953.6703491210938,205.3125,919.912109375,244.6875,919.912109375,239.0625,914.2857666015625,295.3125,959.2967529296875,289.6875,925.5385131835938,244.6875,914.2857666015625,284.0625,959.2967529296875,284.0625,919.912109375,340.3125,925.5385131835938,402.1875,931.1648559570312,475.3125,908.6593627929688,329.0625,891.7802124023438,390.9375,880.5274658203125,447.1875,-32.0,-9.0,17.0
2021-10-15 18:57:57.600,S1,R4,948.0440063476562,210.9375,919.912109375,244.6875,914.2857666015625,244.6875,914.2857666015625,295.3125,959.2967529296875,289.6875,931.1648559570312,244.6875,914.2857666015625,284.0625,959.2967529296875,284.0625,914.2857666015625,340.3125,925.5385131835938,402.1875,931.1648559570312,475.3125,908.6593627929688,329.0625,891.7802124023438,390.9375,880.5274658203125,447.1875,9.0,6.0,17.0
2021-10-15 18:57:57.630,S1,R4,948.0440063476562,210.9375,919.912109375,244.6875,919.912109375,244.6875,914.2857666015625,295.3125,959.2967529296875,289.6875,931.1648559570312,244.6875,914.2857666015625,284.0625,959.2967529296875,285.1875,919.912109375,340.3125,925.5385131835938,402.1875,931.1648559570312,475.3125,908.6593627929688,334.6875,891.7802124023438,396.5625,880.5274658203125,447.1875,100.0,1.0,50.0
2021-10-15 18:57:57.660,S1,R4,953.6703491210938,210.9375,919.912109375,244.6875,919.912109375,244.6875,914.2857666015625,295.3125,959.2967529296875,289.6875,931.1648559570312,244.6875,914.2857666015625,284.0625,959.2967529296875,286.3125,914.2857666015625,340.3125,925.5385131835938,402.1875,931.1648559570312,475.3125,908.6593627929688,334.6875,891.7802124023438,390.9375,880.5274658203125,447.1875,40.0,22.0,26.0
2021-10-15 18:57:57.690,S1,R4,953.6703491210938,210.9375,919.912109375,244.6875,919.912109375,244.6875,914.2857666015625,295.3125,959.2967529296875,289.6875,931.1648559570312,244.6875,914.2857666015625,284.0625,959.2967529296875,287.4375,914.2857666015625,340.3125,931.1648559570312,407.8125,931.1648559570312,475.3125,908.6593627929688,334.6875,891.7802124023438,390.9375,886.1538696289062,447.1875,17.0,26.0,13.0
2021-10-15 18:57:57.720,S1,R4,953.6703491210938,210.9375,919.912109375,244.6875,919.912109375,244.6875,914.2857666015625,295.3125,959.2967529296875,289.6875,931.1648559570312,244.6875,914.2857666015625,284.0625,959.2967529296875,288.5625,919.912109375,340.3125,931.1648559570312,407.8125,931.1648559570312,480.9375,908.6593627929688,334.6875,891.7802124023438,390.9375,886.1538696289062,447.1875,-1.0,11.0,3.0
2021-10-15 18:57:57.750,S1,R4,953.6703491210938,210.9375,919.912109375,244.6875,919.912109375,244.6875,914.2857666015625,295.3125,959.2967529296875,289.6875,931.1648559570312,244.6875,919.912109375,289.6875,959.2967529296875,289.6875,919.912109375,340.3125,931.1648559570312,407.8125,931.1648559570312,480.9375,908.6593627929688,334.6875,891.7802124023438,390.9375,886.1538696289062,447.1875,-33.0,-6.0,-18.0
2021-10-15 18:57:57.780,S1,R4,953.6703491210938,210.9375,919.912109375,244.6875,919.912109375,244.6875,914.2857666015625,295.3125,959.2967529296875,289.6875,931.1648559570312,244.6875,919.912109375,289.6875,959.2967529296875,289.6875,919.912109375,340.3125,931.1648559570312,407.8125,931.1648559570312,480.9375,914.2857666015625,334.6875,891.7802124023438,396.5625,886.1538696289062,447.1875,-32.0,-7.0,-22.0
2021-10-15 18:57:57.810,S1,R4,953.6703491210938,210.9375,919.912109375,244.6875,919.912109375,244.6875,914.2857666015625,295.3125,959.2967529296875,289.6875,931.1648559570312,244.6875,919.912109375,289.6875,958.1714721679688,291.9375,919.912109375,340.3125,931.1648559570312,407.8125,931.1648559570312,480.9375,908.6593627929688,334.6875,897.4066162109375,396.5625,886.1538696289062,447.1875,-10.0,-16.0,-24.0
2021-10-15 18:57:57.840,S1,R4,953.6703491210938,210.9375,919.912109375,244.6875,919.912109375,244.6875,914.2857666015625,295.3125,959.2967529296875,289.6875,931.1648559570312,244.6875,919.912109375,289.6875,957.04619140625,294.1875,919.912109375,340.3125,931.1648559570312,407.8125,931.1648559570312,480.9375,908.6593627929688,334.6875,897.4066162109375,396.5625,886.1538696289062,447.1875,-11.0,-18.0,-22.0
2021-10-15 18:57:57.870,S1,R4,953.6703491210938,210.9375,919.912109375,244.6875,919.912109375,244.6875,914.2857666015625,295.3125,959.2967529296875,289.6875,931.1648559570312,244.6875,919.912109375,289.6875,955.9209106445312,296.4375,919.912109375,340.3125,931.1648559570312,407.8125,931.1648559570312,480.9375,908.6593627929688,334.6875,897.4066162109375,396.5625,886.1538696289062,447.1875,-22.0,-15.0,-28.0
2021-10-15 18:57:57.900,S1,R4,953.6703491210938,210.9375,919.912109375,244.6875,919.912109375,239.0625,914.2857666015625,295.3125,959.2967529296875,289.6875,931.1648559570312,244.6875,919.912109375,289.6875,954.7956298828125,298.6875,919.912109375,334.6875,931.1648559570312,407.8125,931.1648559570312,480.9375,908.6593627929688,334.6875,891.7802124023438,390.9375,886.1538696289062,447.1875,8.0,-14.0,-14.0
2021-10-15 18:57:57.930,S1,R4,953.6703491210938,210.9375,919.912109375,244.6875,919.912109375,239.0625,914.2857666015625,295.3125,959.2967529296875,289.6875,931.1648559570312,244.6875,919.912109375,289.6875,953.6703491210938,300.9375,919.912109375,334.6875,931.1648559570312,407.8125,931.1648559570312,480.9375,908.6593627929688,334.6875,891.7802124023438,390.9375,886.1538696289062,447.1875,11.0,-9.0,8.0
