Datetime,Subject,Repetition,Nose_X,Nose_Y,Neck_X,Neck_Y,Right_Shoulder_X,Right_Shoulder_Y,Right_Elbow_X,Right_Elbow_Y,Right_Wrist_X,Right_Wrist_Y,Left_Shoulder_X,Left_Shoulder_Y,Left_Elbow_X,Left_Elbow_Y,Left_Wrist_X,Left_Wrist_Y,Right_Hip_X,Right_Hip_Y,Right_Knee_X,Right_Knee_Y,Right_Ankle_X,Right_Ankle_Y,Left_Hip_X,Left_Hip_Y,Left_Knee_X,Left_Knee_Y,Left_Ankle_X,Left_Ankle_Y,ACC_x,ACC_y,ACC_z
2021-10-15 18:56:17.490,S2,R3,587.9560546875,222.1875,587.9560546875,255.9375,554.1978149414062,255.9375,531.6923217773438,295.3125,537.3186645507812,340.3125,627.3406982421875,255.9375,627.3406982421875,306.5625,632.967041015625,345.9375,565.4505615234375,345.9375,565.4505615234375,402.1875,565.4505615234375,458.4375,604.835205078125,345.9375,610.4615478515625,402.1875,599.2088012695312,452.8125,14.0,48.0,-43.0
2021-10-15 18:56:17.520,S2,R3,593.5824584960938,222.1875,587.9560546875,255.9375,554.1978149414062,255.9375,526.06591796875,295.3125,537.3186645507812,340.3125,627.3406982421875,255.9375,627.3406982421875,300.9375,638.5934448242188,345.9375,565.4505615234375,345.9375,565.4505615234375,402.1875,565.4505615234375,452.8125,604.835205078125,345.9375,610.4615478515625,402.1875,604.835205078125,452.8125,15.0,95.0,-33.0
2021-10-15 18:56:17.550,S2,R3,587.9560546875,216.5625,587.9560546875,250.3125,554.1978149414062,250.3125,526.06591796875,295.3125,531.6923217773438,334.6875,627.3406982421875,255.9375,632.967041015625,300.9375,638.5934448242188,340.3125,565.4505615234375,345.9375,565.4505615234375,402.1875,565.4505615234375,452.8125,604.835205078125,345.9375,610.4615478515625,402.1875,604.835205078125,452.8125,14.5,99.0,-27.0
2021-10-15 18:56:17.580,S2,R3,587.9560546875,205.3125,587.9560546875,244.6875,554.1978149414062,244.6875,520.4395751953125,278.4375,531.6923217773438,329.0625,627.3406982421875,250.3125,644.2197875976562,289.6875,638.5934448242188,329.0625,565.4505615234375,345.9375,565.4505615234375,402.1875,565.4505615234375,452.8125,610.4615478515625,345.9375,616.0879516601562,396.5625,604.835205078125,452.8125,14.0,103.0,-21.0
2021-10-15 18:56:17.610,S2,R3,593.5824584960938,205.3125,587.9560546875,233.4375,554.1978149414062,233.4375,520.4395751953125,267.1875,531.6923217773438,312.1875,627.3406982421875,233.4375,649.84619140625,278.4375,644.2197875976562,323.4375,565.4505615234375,340.3125,565.4505615234375,396.5625,559.82421875,452.8125,610.4615478515625,340.3125,616.0879516601562,396.5625,604.835205078125,458.4375,-4.0,123.0,-14.0
2021-10-15 18:56:17.640,S2,R3,593.5824584960938,194.0625,587.9560546875,222.1875,554.1978149414062,222.1875,520.4395751953125,255.9375,531.6923217773438,306.5625,627.3406982421875,222.1875,649.84619140625,267.1875,644.2197875976562,306.5625,565.4505615234375,334.6875,559.82421875,396.5625,559.82421875,452.8125,610.4615478515625,334.6875,616.0879516601562,396.5625,604.835205078125,458.4375,-1.0,127.0,23.0
2021-10-15 18:56:17.670,S2,R3,582.3297119140625,182.8125,593.5824584960938,205.3125,554.1978149414062,210.9375,520.4395751953125,244.6875,537.3186645507812,289.6875,627.3406982421875,210.9375,649.84619140625,255.9375,644.2197875976562,300.9375,571.0769653320312,323.4375,565.4505615234375,390.9375,565.4505615234375,452.8125,616.0879516601562,323.4375,616.0879516601562,390.9375,610.4615478515625,452.8125,-8.0,127.0,37.0
2021-10-15 18:56:17.700,S2,R3,593.5824584960938,165.9375,587.9560546875,199.6875,554.1978149414062,199.6875,526.06591796875,239.0625,537.3186645507812,284.0625,627.3406982421875,199.6875,649.84619140625,250.3125,644.2197875976562,295.3125,571.0769653320312,306.5625,565.4505615234375,379.6875,559.82421875,452.8125,616.0879516601562,306.5625,616.0879516601562,385.3125,610.4615478515625,452.8125,16.0,127.0,89.0
2021-10-15 18:56:17.730,S2,R3,593.5824584960938,154.6875,587.9560546875,182.8125,554.1978149414062,182.8125,526.06591796875,227.8125,542.945068359375,272.8125,627.3406982421875,188.4375,649.84619140625,244.6875,644.2197875976562,278.4375,565.4505615234375,295.3125,565.4505615234375,374.0625,565.4505615234375,447.1875,616.0879516601562,295.3125,616.0879516601562,374.0625,616.0879516601562,441.5625,31.0,127.0,127.0
2021-10-15 18:56:17.760,S2,R3,590.7692565917969,140.625,587.9560546875,177.1875,627.3406982421875,171.5625,649.84619140625,227.8125,644.2197875976562,261.5625,554.1978149414062,171.5625,526.06591796875,227.8125,537.3186645507812,267.1875,610.4615478515625,284.0625,610.4615478515625,362.8125,616.0879516601562,435.9375,571.0769653320312,284.0625,571.0769653320312,362.8125,565.4505615234375,435.9375,0.0,127.0,127.0
2021-10-15 18:56:17.790,S2,R3,587.9560546875,126.5625,587.9560546875,165.9375,554.1978149414062,165.9375,531.6923217773438,210.9375,537.3186645507812,255.9375,627.3406982421875,165.9375,649.84619140625,222.1875,644.2197875976562,255.9375,571.0769653320312,272.8125,587.9560546875,351.5625,616.0879516601562,435.9375,610.4615478515625,272.8125,582.3297119140625,351.5625,576.7033081054688,430.3125,-83.0,127.0,127.0
2021-10-15 18:56:17.820,S2,R3,593.5824584960938,115.3125,587.9560546875,160.3125,554.1978149414062,160.3125,531.6923217773438,205.3125,537.3186645507812,250.3125,627.3406982421875,165.9375,644.2197875976562,210.9375,644.2197875976562,255.9375,571.0769653320312,272.8125,571.0769653320312,351.5625,571.0769653320312,419.0625,616.0879516601562,272.8125,610.4615478515625,351.5625,616.0879516601562,424.6875,-76.0,127.0,127.0
2021-10-15 18:56:17.850,S2,R3,593.5824584960938,109.6875,587.9560546875,160.3125,554.1978149414062,154.6875,531.6923217773438,199.6875,537.3186645507812,244.6875,627.3406982421875,160.3125,644.2197875976562,205.3125,644.2197875976562,250.3125,571.0769653320312,267.1875,576.7033081054688,345.9375,576.7033081054688,413.4375,616.0879516601562,267.1875,610.4615478515625,345.9375,610.4615478515625,419.0625,-38.0,127.0,127.0
2021-10-15 18:56:17.880,S2,R3,593.5824584960938,109.6875,587.9560546875,160.3125,554.1978149414062,160.3125,531.6923217773438,199.6875,537.3186645507812,244.6875,627.3406982421875,160.3125,644.2197875976562,205.3125,644.2197875976562,250.3125,571.0769653320312,267.1875,576.7033081054688,340.3125,576.7033081054688,407.8125,616.0879516601562,267.1875,610.4615478515625,345.9375,604.835205078125,413.4375,41.0,127.0,95.0
2021-10-15 18:56:17.910,S2,R3,593.5824584960938,109.6875,587.9560546875,160.3125,554.1978149414062,160.3125,531.6923217773438,199.6875,537.3186645507812,244.6875,627.3406982421875,160.3125,644.2197875976562,205.3125,644.2197875976562,250.3125,571.0769653320312,267.1875,576.7033081054688,345.9375,576.7033081054688,407.8125,616.0879516601562,267.1875,610.4615478515625,345.9375,604.835205078125,413.4375,36.0,127.0,82.0
2021-10-15 18:56:17.940,S2,R3,593.5824584960938,104.0625,587.9560546875,160.3125,554.1978149414062,160.3125,531.6923217773438,199.6875,537.3186645507812,244.6875,627.3406982421875,160.3125,644.2197875976562,205.3125,644.2197875976562,250.3125,571.0769653320312,267.1875,576.7033081054688,345.9375,576.7033081054688,413.4375,616.0879516601562,267.1875,610.4615478515625,345.9375,604.835205078125,413.4375,41.0,127.0,21.0
2021-10-15 18:56:17.970,S2,R3,593.5824584960938,120.9375,587.9560546875,160.3125,554.1978149414062,160.3125,531.6923217773438,199.6875,537.3186645507812,250.3125,627.3406982421875,165.9375,644.2197875976562,210.9375,644.2197875976562,250.3125,571.0769653320312,272.8125,576.7033081054688,351.5625,576.7033081054688,419.0625,616.0879516601562,272.8125,610.4615478515625,351.5625,604.835205078125,419.0625,78.0,127.0,-1.0
2021-10-15 18:56:18.000,S2,R3,587.9560546875,132.1875,587.9560546875,171.5625,554.1978149414062,171.5625,526.06591796875,210.9375,537.3186645507812,261.5625,627.3406982421875,171.5625,644.2197875976562,222.1875,644.2197875976562,261.5625,571.0769653320312,278.4375,576.7033081054688,357.1875,576.7033081054688,424.6875,616.0879516601562,278.4375,610.4615478515625,351.5625,604.835205078125,419.0625,73.0,127.0,-6.0
2021-10-15 18:56:18.030,S2,R3,593.5824584960938,132.1875,593.5824584960938,177.1875,559.82421875,177.1875,531.6923217773438,222.1875,537.3186645507812,272.8125,627.3406982421875,182.8125,644.2197875976562,227.8125,644.2197875976562,272.8125,571.0769653320312,284.0625,576.7033081054688,362.8125,571.0769653320312,435.9375,616.0879516601562,284.0625,610.4615478515625,362.8125,604.835205078125,430.3125,93.0,127.0,-30.0
2021-10-15 18:56:18.060,S2,R3,587.9560546875,149.0625,587.9560546875,194.0625,559.82421875,194.0625,531.6923217773438,227.8125,542.945068359375,284.0625,627.3406982421875,194.0625,644.2197875976562,244.6875,649.84619140625,284.0625,571.0769653320312,295.3125,576.7033081054688,368.4375,571.0769653320312,441.5625,616.0879516601562,295.3125,616.0879516601562,368.4375,610.4615478515625,435.9375,107.0,127.0,8.0
2021-10-15 18:56:18.090,S2,R3,593.5824584960938,171.5625,593.5824584960938,205.3125,554.1978149414062,205.3125,531.6923217773438,250.3125,537.3186645507812,295.3125,627.3406982421875,205.3125,649.84619140625,250.3125,644.2197875976562,295.3125,576.7033081054688,312.1875,576.7033081054688,379.6875,565.4505615234375,447.1875,616.0879516601562,306.5625,616.0879516601562,374.0625,610.4615478515625,441.5625,86.0,127.0,-10.0
2021-10-15 18:56:18.120,S2,R3,587.9560546875,171.5625,593.5824584960938,222.1875,559.82421875,216.5625,531.6923217773438,250.3125,537.3186645507812,300.9375,627.3406982421875,216.5625,644.2197875976562,267.1875,649.84619140625,306.5625,571.0769653320312,317.8125,576.7033081054688,385.3125,565.4505615234375,452.8125,616.0879516601562,317.8125,616.0879516601562,379.6875,604.835205078125,441.5625,29.0,127.0,-46.0
2021-10-15 18:56:18.150,S2,R3,599.2088012695312,188.4375,593.5824584960938,227.8125,559.82421875,227.8125,537.3186645507812,267.1875,537.3186645507812,317.8125,621.7142944335938,227.8125,638.5934448242188,272.8125,644.2197875976562,317.8125,571.0769653320312,329.0625,576.7033081054688,390.9375,571.0769653320312,452.8125,616.0879516601562,329.0625,616.0879516601562,390.9375,599.2088012695312,447.1875,-7.0,127.0,-54.0
2021-10-15 18:56:18.180,S2,R3,604.835205078125,194.0625,587.9560546875,233.4375,559.82421875,233.4375,542.945068359375,284.0625,542.945068359375,329.0625,627.3406982421875,233.4375,638.5934448242188,278.4375,644.2197875976562,323.4375,571.0769653320312,340.3125,576.7033081054688,396.5625,571.0769653320312,452.8125,616.0879516601562,340.3125,616.0879516601562,396.5625,599.2088012695312,447.1875,-128.0,93.0,-128.0
2021-10-15 18:56:18.210,S2,R3,610.4615478515625,194.0625,593.5824584960938,239.0625,565.4505615234375,239.0625,537.3186645507812,289.6875,542.945068359375,334.6875,627.3406982421875,239.0625,632.967041015625,284.0625,644.2197875976562,329.0625,571.0769653320312,340.3125,576.7033081054688,402.1875,571.0769653320312,452.8125,616.0879516601562,340.3125,616.0879516601562,396.5625,604.835205078125,447.1875,-128.0,63.0,-128.0
2021-10-15 18:56:18.240,S2,R3,616.0879516601562,199.6875,599.2088012695312,244.6875,565.4505615234375,239.0625,537.3186645507812,289.6875,542.945068359375,334.6875,627.3406982421875,239.0625,632.967041015625,289.6875,644.2197875976562,323.4375,571.0769653320312,340.3125,582.3297119140625,396.5625,571.0769653320312,452.8125,616.0879516601562,340.3125,621.7142944335938,390.9375,604.835205078125,447.1875,-128.0,62.0,-128.0
2021-10-15 18:56:18.270,S2,R3,621.7142944335938,199.6875,604.835205078125,239.0625,565.4505615234375,239.0625,542.945068359375,289.6875,548.5714721679688,340.3125,627.3406982421875,239.0625,632.967041015625,284.0625,644.2197875976562,317.8125,576.7033081054688,340.3125,582.3297119140625,396.5625,576.7033081054688,452.8125,616.0879516601562,340.3125,621.7142944335938,396.5625,604.835205078125,447.1875,-128.0,65.0,-122.0
2021-10-15 18:56:18.300,S2,R3,632.967041015625,199.6875,604.835205078125,233.4375,571.0769653320312,233.4375,542.945068359375,284.0625,548.5714721679688,334.6875,632.967041015625,239.0625,632.967041015625,284.0625,638.5934448242188,312.1875,576.7033081054688,334.6875,582.3297119140625,402.1875,576.7033081054688,452.8125,616.0879516601562,334.6875,621.7142944335938,390.9375,610.4615478515625,447.1875,-128.0,96.0,-115.0
2021-10-15 18:56:18.330,S2,R3,638.5934448242188,199.6875,604.835205078125,233.4375,576.7033081054688,233.4375,548.5714721679688,272.8125,548.5714721679688,329.0625,632.967041015625,233.4375,638.5934448242188,278.4375,638.5934448242188,312.1875,582.3297119140625,329.0625,582.3297119140625,396.5625,576.7033081054688,452.8125,616.0879516601562,329.0625,627.3406982421875,390.9375,610.4615478515625,447.1875,-128.0,127.0,-108.0
2021-10-15 18:56:18.360,S2,R3,638.5934448242188,194.0625,610.4615478515625,227.8125,582.3297119140625,227.8125,548.5714721679688,272.8125,548.5714721679688,323.4375,632.967041015625,227.8125,638.5934448242188,272.8125,638.5934448242188,306.5625,582.3297119140625,329.0625,582.3297119140625,390.9375,576.7033081054688,452.8125,616.0879516601562,329.0625,627.3406982421875,385.3125,610.4615478515625,441.5625,-77.0,127.0,-106.0
2021-10-15 18:56:18.390,S2,R3,644.2197875976562,194.0625,610.4615478515625,227.8125,593.5824584960938,222.1875,554.1978149414062,272.8125,548.5714721679688,317.8125,632.967041015625,227.8125,638.5934448242188,272.8125,638.5934448242188,306.5625,587.9560546875,323.4375,587.9560546875,390.9375,576.7033081054688,452.8125,621.7142944335938,323.4375,627.3406982421875,385.3125,616.0879516601562,441.5625,73.0,127.0,-94.0
2021-10-15 18:56:18.420,S2,R3,655.4725341796875,194.0625,610.4615478515625,222.1875,593.5824584960938,222.1875,559.82421875,267.1875,554.1978149414062,312.1875,632.967041015625,227.8125,632.967041015625,272.8125,644.2197875976562,306.5625,587.9560546875,323.4375,587.9560546875,385.3125,576.7033081054688,452.8125,621.7142944335938,323.4375,627.3406982421875,385.3125,610.4615478515625,441.5625,108.0,127.0,-81.0
2021-10-15 18:56:18.450,S2,R3,661.0989379882812,194.0625,616.0879516601562,227.8125,604.835205078125,216.5625,565.4505615234375,255.9375,559.82421875,306.5625,632.967041015625,222.1875,632.967041015625,272.8125,632.967041015625,312.1875,593.5824584960938,323.4375,593.5824584960938,385.3125,576.7033081054688,447.1875,621.7142944335938,323.4375,627.3406982421875,385.3125,610.4615478515625,435.9375,124.0,127.0,-93.0
2021-10-15 18:56:18.480,S2,R3,661.0989379882812,199.6875,621.7142944335938,227.8125,604.835205078125,216.5625,571.0769653320312,255.9375,565.4505615234375,306.5625,632.967041015625,222.1875,632.967041015625,272.8125,638.5934448242188,306.5625,587.9560546875,323.4375,593.5824584960938,385.3125,576.7033081054688,452.8125,616.0879516601562,323.4375,621.7142944335938,379.6875,604.835205078125,435.9375,127.0,127.0,-76.0
2021-10-15 18:56:18.510,S2,R3,666.7252807617188,199.6875,627.3406982421875,222.1875,610.4615478515625,216.5625,582.3297119140625,255.9375,571.0769653320312,300.9375,638.5934448242188,222.1875,632.967041015625,272.8125,638.5934448242188,312.1875,593.5824584960938,317.8125,593.5824584960938,385.3125,576.7033081054688,447.1875,616.0879516601562,323.4375,616.0879516601562,379.6875,599.2088012695312,441.5625,127.0,127.0,-75.0
2021-10-15 18:56:18.540,S2,R3,666.7252807617188,199.6875,632.967041015625,216.5625,616.0879516601562,216.5625,587.9560546875,250.3125,576.7033081054688,300.9375,638.5934448242188,222.1875,632.967041015625,272.8125,632.967041015625,317.8125,593.5824584960938,312.1875,599.2088012695312,385.3125,576.7033081054688,447.1875,610.4615478515625,317.8125,616.0879516601562,379.6875,599.2088012695312,435.9375,127.0,127.0,57.0
2021-10-15 18:56:18.570,S2,R3,672.3516845703125,199.6875,627.3406982421875,222.1875,621.7142944335938,216.5625,587.9560546875,250.3125,582.3297119140625,295.3125,638.5934448242188,222.1875,638.5934448242188,244.6875,631.2791320800782,319.5,599.2088012695312,312.1875,604.835205078125,385.3125,576.7033081054688,447.1875,616.0879516601562,317.8125,610.4615478515625,379.6875,599.2088012695312,435.9375,127.0,127.0,127.0
2021-10-15 18:56:18.600,S2,R3,677.97802734375,205.3125,632.967041015625,216.5625,627.3406982421875,210.9375,587.9560546875,244.6875,587.9560546875,289.6875,649.84619140625,222.1875,638.5934448242188,244.6875,629.5912231445312,321.1875,599.2088012695312,312.1875,610.4615478515625,379.6875,576.7033081054688,447.1875,610.4615478515625,317.8125,604.835205078125,379.6875,593.5824584960938,435.9375,127.0,127.0,127.0
2021-10-15 18:56:18.630,S2,R3,683.6044311523438,210.9375,638.5934448242188,222.1875,632.967041015625,216.5625,587.9560546875,239.0625,587.9560546875,284.0625,655.4725341796875,216.5625,635.2176147460938,246.9375,627.9033142089844,322.875,599.2088012695312,312.1875,610.4615478515625,385.3125,582.3297119140625,447.1875,610.4615478515625,317.8125,604.835205078125,379.6875,599.2088012695312,435.9375,127.0,127.0,127.0
2021-10-15 18:56:18.660,S2,R3,689.2307739257812,216.5625,644.2197875976562,222.1875,638.5934448242188,216.5625,599.2088012695312,233.4375,587.9560546875,284.0625,661.0989379882812,222.1875,631.8417846679688,249.1875,626.2154052734375,324.5625,599.2088012695312,312.1875,610.4615478515625,385.3125,582.3297119140625,447.1875,610.4615478515625,317.8125,610.4615478515625,379.6875,599.2088012695312,435.9375,127.0,127.0,127.0
2021-10-15 18:56:18.690,S2,R3,689.2307739257812,222.1875,649.84619140625,227.8125,644.2197875976562,222.1875,604.835205078125,239.0625,582.3297119140625,278.4375,661.0989379882812,227.8125,628.4659545898437,251.4375,624.5274963378906,326.25,599.2088012695312,312.1875,616.0879516601562,379.6875,599.2088012695312,452.8125,610.4615478515625,317.8125,604.835205078125,379.6875,599.2088012695312,435.9375,125.0,127.0,127.0
2021-10-15 18:56:18.720,S2,R3,694.857177734375,233.4375,649.84619140625,233.4375,649.84619140625,227.8125,610.4615478515625,244.6875,587.9560546875,284.0625,666.7252807617188,233.4375,625.0901245117187,253.6875,622.8395874023438,327.9375,599.2088012695312,317.8125,616.0879516601562,379.6875,599.2088012695312,447.1875,610.4615478515625,317.8125,610.4615478515625,379.6875,599.2088012695312,435.9375,99.0,127.0,78.0
2021-10-15 18:56:18.750,S2,R3,694.857177734375,239.0625,655.4725341796875,233.4375,655.4725341796875,233.4375,616.0879211425781,253.125,590.7692565917969,295.3125,666.7252807617188,233.4375,621.7142944335938,255.9375,621.1516784667969,329.625,599.2088012695312,317.8125,616.0879516601562,385.3125,599.2088012695312,447.1875,616.0879516601562,317.8125,610.4615478515625,379.6875,599.2088012695312,435.9375,127.0,127.0,69.0
2021-10-15 18:56:18.780,S2,R3,706.1099243164062,244.6875,661.0989379882812,239.0625,666.7252807617188,239.0625,621.7142944335938,261.5625,593.5824584960938,306.5625,655.4725341796875,227.8125,610.4615478515625,255.9375,619.46376953125,331.3125,604.835205078125,323.4375,621.7142944335938,385.3125,599.2088012695312,452.8125,604.835205078125,317.8125,610.4615478515625,379.6875,604.835205078125,447.1875,114.0,127.0,18.0
2021-10-15 18:56:18.810,S2,R3,711.7362670898438,244.6875,666.7252807617188,250.3125,661.0989379882812,250.3125,621.7142944335938,272.8125,593.5824584960938,317.8125,677.97802734375,250.3125,661.0989379882812,295.3125,617.7758605957031,333.0,599.2088012695312,323.4375,627.3406982421875,390.9375,599.2088012695312,452.8125,616.0879516601562,329.0625,610.4615478515625,390.9375,599.2088012695312,447.1875,96.0,127.0,-19.0
2021-10-15 18:56:18.840,S2,R3,711.7362670898438,250.3125,666.7252807617188,255.9375,666.7252807617188,255.9375,632.967041015625,286.875,613.2747497558594,331.875,655.4725341796875,244.6875,632.967041015625,300.9375,616.0879516601562,334.6875,599.2088012695312,329.0625,627.3406982421875,396.5625,599.2088012695312,452.8125,593.5824584960938,317.8125,610.4615478515625,390.9375,599.2088012695312,447.1875,75.0,127.0,-27.0
2021-10-15 18:56:18.870,S2,R3,706.1099243164062,250.3125,666.7252807617188,255.9375,672.3516845703125,261.5625,644.2197875976562,300.9375,632.967041015625,345.9375,649.84619140625,250.3125,644.2197875976562,300.9375,645.6264038085938,337.5,616.0879516601562,329.0625,632.967041015625,396.5625,599.2088012695312,452.8125,599.2088012695312,323.4375,610.4615478515625,390.9375,593.5824584960938,447.1875,56.0,127.0,-16.0
2021-10-15 18:56:18.900,S2,R3,711.7362670898438,250.3125,666.7252807617188,261.5625,677.97802734375,261.5625,655.4725341796875,317.8125,661.0989379882812,368.4375,655.4725341796875,250.3125,661.0989379882812,306.5625,675.1648559570312,340.3125,616.0879516601562,334.6875,644.2197875976562,396.5625,593.5824584960938,452.8125,599.2088012695312,329.0625,632.967041015625,396.5625,604.835205078125,441.5625,37.0,127.0,-19.0
2021-10-15 18:56:18.930,S2,R3,717.3626708984375,250.3125,672.3516845703125,261.5625,683.6044311523438,261.5625,677.97802734375,317.8125,700.4835205078125,368.4375,666.7252807617188,255.9375,672.3516845703125,323.4375,704.7033081054688,343.125,621.7142944335938,340.3125,644.2197875976562,396.5625,599.2088012695312,441.5625,599.2088012695312,334.6875,632.967041015625,402.1875,599.2088012695312,452.8125,32.0,127.0,-16.0
2021-10-15 18:56:18.960,S2,R3,722.989013671875,239.0625,683.6044311523438,261.5625,683.6044311523438,261.5625,700.4835205078125,312.1875,734.2417602539062,337.5,672.3516845703125,255.9375,689.2307739257812,317.8125,734.2417602539062,345.9375,627.3406982421875,334.6875,644.2197875976562,402.1875,599.2088012695312,452.8125,616.0879516601562,329.0625,638.5934448242188,407.8125,616.0879516601562,441.5625,2.0,120.0,-8.0
2021-10-15 18:56:18.990,S2,R3,717.3626708984375,233.4375,683.6044311523438,255.9375,694.857177734375,255.9375,722.989013671875,306.5625,768.0,306.5625,672.3516845703125,250.3125,706.1099243164062,312.1875,751.1209106445312,306.5625,638.5934448242188,334.6875,644.2197875976562,402.1875,599.2088012695312,441.5625,616.0879516601562,323.4375,638.5934448242188,402.1875,604.835205078125,447.1875,-25.0,113.0,-17.0
2021-10-15 18:56:19.020,S2,R3,728.6154174804688,216.5625,694.857177734375,250.3125,700.4835205078125,250.3125,734.2417602539062,289.6875,773.6264038085938,278.4375,694.857177734375,244.6875,717.3626708984375,300.9375,756.7472534179688,278.4375,644.2197875976562,329.0625,649.84619140625,402.1875,599.2088012695312,447.1875,627.3406982421875,323.4375,644.2197875976562,396.5625,604.835205078125,447.1875,-115.0,90.0,-81.0
2021-10-15 18:56:19.050,S2,R3,728.6154174804688,205.3125,700.4835205078125,239.0625,706.1099243164062,239.0625,756.7472534179688,272.8125,779.2527465820312,250.3125,689.2307739257812,227.8125,739.8681640625,278.4375,790.5054931640625,255.9375,655.4725341796875,323.4375,649.84619140625,396.5625,599.2088012695312,447.1875,644.2197875976562,317.8125,638.5934448242188,390.9375,604.835205078125,441.5625,-121.5,70.5,-95.5
2021-10-15 18:56:19.080,S2,R3,734.2417602539062,194.0625,711.7362670898438,227.8125,717.3626708984375,227.8125,768.0,255.9375,784.879150390625,222.1875,694.857177734375,216.5625,756.7472534179688,255.9375,768.0,222.1875,666.7252807617188,312.1875,649.84619140625,390.9375,604.835205078125,441.5625,661.0989379882812,317.8125,649.84619140625,385.3125,616.0879516601562,435.9375,-128.0,51.0,-110.0
2021-10-15 18:56:19.110,S2,R3,745.4945068359375,182.8125,717.3626708984375,210.9375,722.989013671875,216.5625,779.2527465820312,244.6875,784.879150390625,205.3125,722.989013671875,205.3125,751.1209106445312,216.5625,773.6264038085938,210.9375,683.6044311523438,306.5625,661.0989379882812,385.3125,616.0879516601562,435.9375,672.3516845703125,306.5625,649.84619140625,379.6875,616.0879516601562,430.3125,-128.0,36.0,-111.0
2021-10-15 18:56:19.140,S2,R3,751.1209106445312,165.9375,722.989013671875,205.3125,728.6154174804688,205.3125,790.5054931640625,233.4375,796.1318969726562,194.0625,711.7362670898438,199.6875,773.6264038085938,233.4375,779.2527465820312,194.0625,700.4835205078125,306.5625,677.97802734375,374.0625,627.3406982421875,430.3125,689.2307739257812,295.3125,666.7252807617188,362.8125,621.7142944335938,413.4375,-128.0,31.0,-99.0
2021-10-15 18:56:19.170,S2,R3,756.7472534179688,160.3125,728.6154174804688,199.6875,745.4945068359375,194.0625,790.5054931640625,227.8125,801.7582397460938,194.0625,711.7362670898438,194.0625,784.879150390625,233.4375,792.3809611002604,199.6875,711.7362670898438,295.3125,694.857177734375,368.4375,638.5934448242188,413.4375,689.2307739257812,295.3125,683.6044311523438,357.1875,632.967041015625,402.1875,-128.0,51.0,-68.0
2021-10-15 18:56:19.200,S2,R3,773.6264038085938,160.3125,739.8681640625,194.0625,751.1209106445312,194.0625,796.1318969726562,227.8125,818.6373901367188,199.6875,722.989013671875,188.4375,796.1318969726562,233.4375,805.5091756184896,205.3125,722.989013671875,295.3125,722.989013671875,368.4375,649.84619140625,396.5625,706.1099243164062,289.6875,711.7362670898438,357.1875,661.0989379882812,396.5625,-122.0,70.0,-64.0
2021-10-15 18:56:19.230,S2,R3,773.6264038085938,160.3125,745.4945068359375,188.4375,756.7472534179688,188.4375,796.1318969726562,233.4375,829.89013671875,216.5625,734.2417602539062,188.4375,790.5054931640625,233.4375,818.6373901367188,210.9375,734.2417602539062,289.6875,739.8681640625,362.8125,666.7252807617188,390.9375,717.3626708984375,289.6875,728.6154174804688,351.5625,672.3516845703125,385.3125,-35.0,97.0,-55.0
2021-10-15 18:56:19.260,S2,R3,790.5054931640625,160.3125,756.7472534179688,188.4375,762.3736572265625,188.4375,801.7582397460938,239.0625,846.7692260742188,233.4375,745.4945068359375,182.8125,796.1318969726562,233.4375,824.2637329101562,227.8125,745.4945068359375,289.6875,762.3736572265625,357.1875,689.2307739257812,390.9375,739.8681640625,284.0625,751.1209106445312,351.5625,711.7362670898438,407.8125,34.0,118.0,-50.0
2021-10-15 18:56:19.290,S2,R3,801.7582397460938,160.3125,768.0,188.4375,779.2527465820312,188.4375,807.3846435546875,244.6875,846.7692260742188,250.3125,756.7472534179688,182.8125,801.7582397460938,244.6875,841.1428833007812,244.6875,751.1209106445312,289.6875,779.2527465820312,357.1875,728.6154174804688,407.8125,734.2417602539062,284.0625,751.1209106445312,351.5625,706.1099243164062,385.3125,45.0,125.0,-54.0
2021-10-15 18:56:19.320,S2,R3,818.6373901367188,165.9375,784.879150390625,194.0625,790.5054931640625,194.0625,813.010986328125,244.6875,846.7692260742188,267.1875,768.0,194.0625,807.3846435546875,250.3125,841.1428833007812,255.9375,762.3736572265625,289.6875,790.5054931640625,351.5625,762.3736572265625,413.4375,745.4945068359375,289.6875,762.3736572265625,351.5625,734.2417602539062,402.1875,86.0,127.0,-55.0
2021-10-15 18:56:19.350,S2,R3,829.89013671875,177.1875,796.1318969726562,199.6875,801.7582397460938,199.6875,818.6373901367188,250.3125,858.02197265625,295.3125,779.2527465820312,194.0625,779.2527465820312,250.3125,824.2637329101562,300.9375,768.0,295.3125,807.3846435546875,351.5625,796.1318969726562,424.6875,756.7472534179688,289.6875,784.879150390625,351.5625,762.3736572265625,407.8125,94.0,127.0,-48.0
2021-10-15 18:56:19.380,S2,R3,841.1428833007812,182.8125,807.3846435546875,205.3125,818.6373901367188,205.3125,824.2637329101562,267.1875,846.7692260742188,312.1875,790.5054931640625,199.6875,756.7472534179688,244.6875,734.2417602539062,278.4375,784.879150390625,300.9375,807.3846435546875,357.1875,818.6373901367188,430.3125,756.7472534179688,295.3125,784.879150390625,357.1875,784.879150390625,419.0625,127.0,127.0,-44.0
2021-10-15 18:56:19.410,S2,R3,852.3956298828125,194.0625,807.3846435546875,216.5625,829.89013671875,222.1875,829.89013671875,272.8125,841.1428833007812,323.4375,796.1318969726562,210.9375,756.7472534179688,261.5625,751.1209106445312,289.6875,796.1318969726562,317.8125,824.2637329101562,374.0625,829.89013671875,435.9375,768.0,312.1875,801.7582397460938,368.4375,807.3846435546875,430.3125,127.0,127.0,-28.0
2021-10-15 18:56:19.440,S2,R3,858.02197265625,205.3125,813.010986328125,227.8125,835.5164794921875,233.4375,829.89013671875,284.0625,835.5164794921875,334.6875,801.7582397460938,222.1875,779.2527465820312,267.1875,765.1868286132812,309.375,801.7582397460938,323.4375,829.89013671875,379.6875,841.1428833007812,447.1875,784.879150390625,317.8125,824.2637329101562,379.6875,841.1428833007812,441.5625,127.0,127.0,-14.0
2021-10-15 18:56:19.470,S2,R3,858.02197265625,210.9375,824.2637329101562,244.6875,841.1428833007812,244.6875,835.5164794921875,295.3125,841.1428833007812,345.9375,807.3846435546875,239.0625,779.2527465820312,300.9375,779.2527465820312,329.0625,818.6373901367188,340.3125,846.7692260742188,385.3125,846.7692260742188,447.1875,796.1318969726562,334.6875,835.5164794921875,385.3125,841.1428833007812,447.1875,127.0,127.0,42.0
2021-10-15 18:56:19.500,S2,R3,863.6483764648438,222.1875,829.89013671875,250.3125,846.7692260742188,250.3125,841.1428833007812,306.5625,841.1428833007812,362.8125,813.010986328125,244.6875,790.5054931640625,295.3125,773.6264038085938,329.0625,824.2637329101562,345.9375,863.6483764648438,390.9375,846.7692260742188,447.1875,801.7582397460938,340.3125,846.7692260742188,390.9375,852.3956298828125,441.5625,108.0,127.0,127.0
2021-10-15 18:56:19.530,S2,R3,863.6483764648438,227.8125,835.5164794921875,255.9375,846.7692260742188,255.9375,852.3956298828125,312.1875,846.7692260742188,362.8125,813.010986328125,250.3125,796.1318969726562,306.5625,779.2527465820312,345.9375,841.1428833007812,345.9375,874.901123046875,390.9375,846.7692260742188,452.8125,818.6373901367188,340.3125,858.02197265625,390.9375,846.7692260742188,447.1875,104.0,127.0,127.0
2021-10-15 18:56:19.560,S2,R3,869.2747192382812,222.1875,835.5164794921875,255.9375,852.3956298828125,261.5625,852.3956298828125,312.1875,858.02197265625,362.8125,818.6373901367188,250.3125,801.7582397460938,306.5625,790.5054931640625,340.3125,846.7692260742188,345.9375,869.2747192382812,390.9375,846.7692260742188,447.1875,824.2637329101562,340.3125,858.02197265625,390.9375,852.3956298828125,447.1875,127.0,127.0,127.0
2021-10-15 18:56:19.590,S2,R3,869.2747192382812,222.1875,835.5164794921875,255.9375,858.02197265625,261.5625,858.02197265625,312.1875,869.2747192382812,362.8125,824.2637329101562,255.9375,801.7582397460938,306.5625,796.1318969726562,340.3125,846.7692260742188,345.9375,874.901123046875,396.5625,846.7692260742188,447.1875,824.2637329101562,345.9375,852.3956298828125,390.9375,858.02197265625,441.5625,127.0,127.0,127.0
2021-10-15 18:56:19.620,S2,R3,869.2747192382812,216.5625,841.1428833007812,250.3125,858.02197265625,255.9375,863.6483764648438,312.1875,880.5274658203125,357.1875,829.89013671875,255.9375,818.6373901367188,317.8125,818.6373901367188,340.3125,852.3956298828125,351.5625,880.5274658203125,390.9375,852.3956298828125,447.1875,835.5164794921875,345.9375,863.6483764648438,390.9375,846.7692260742188,447.1875,80.0,127.0,127.0
2021-10-15 18:56:19.650,S2,R3,874.901123046875,210.9375,846.7692260742188,250.3125,858.02197265625,250.3125,869.2747192382812,306.5625,891.7802124023438,351.5625,829.89013671875,244.6875,829.89013671875,300.9375,863.6483764648438,343.125,858.02197265625,345.9375,891.7802124023438,390.9375,858.02197265625,447.1875,835.5164794921875,340.3125,869.2747192382812,390.9375,846.7692260742188,441.5625,127.0,127.0,58.0
2021-10-15 18:56:19.680,S2,R3,874.901123046875,210.9375,852.3956298828125,250.3125,863.6483764648438,244.6875,874.901123046875,295.3125,903.0330200195312,345.9375,835.5164794921875,244.6875,858.02197265625,300.9375,908.6593627929688,345.9375,863.6483764648438,345.9375,903.0330200195312,390.9375,858.02197265625,441.5625,841.1428833007812,340.3125,874.901123046875,390.9375,852.3956298828125,441.5625,127.0,127.0,37.0
2021-10-15 18:56:19.710,S2,R3,880.5274658203125,205.3125,858.02197265625,244.6875,869.2747192382812,244.6875,880.5274658203125,289.6875,914.2857666015625,340.3125,841.1428833007812,239.0625,829.89013671875,295.3125,911.4725646972656,345.9375,869.2747192382812,340.3125,903.0330200195312,396.5625,863.6483764648438,441.5625,846.7692260742188,334.6875,874.901123046875,390.9375,852.3956298828125,441.5625,102.0,127.0,11.0
2021-10-15 18:56:19.740,S2,R3,880.5274658203125,199.6875,858.02197265625,239.0625,869.2747192382812,239.0625,886.1538696289062,289.6875,925.5385131835938,334.6875,846.7692260742188,239.0625,886.1538696289062,284.0625,914.2857666015625,345.9375,869.2747192382812,334.6875,908.6593627929688,390.9375,863.6483764648438,441.5625,846.7692260742188,334.6875,869.2747192382812,390.9375,852.3956298828125,441.5625,78.0,127.0,-38.0
2021-10-15 18:56:19.770,S2,R3,886.1538696289062,194.0625,858.02197265625,233.4375,869.2747192382812,233.4375,891.7802124023438,289.6875,931.1648559570312,329.0625,846.7692260742188,233.4375,886.1538696289062,284.0625,908.6593627929688,329.0625,874.901123046875,334.6875,908.6593627929688,379.6875,869.2747192382812,441.5625,852.3956298828125,329.0625,869.2747192382812,385.3125,852.3956298828125,441.5625,76.0,127.0,-42.0
2021-10-15 18:56:19.800,S2,R3,886.1538696289062,188.4375,863.6483764648438,227.8125,869.2747192382812,227.8125,891.7802124023438,284.0625,931.1648559570312,312.1875,852.3956298828125,227.8125,886.1538696289062,278.4375,919.912109375,317.8125,874.901123046875,329.0625,914.2857666015625,379.6875,880.5274658203125,441.5625,852.3956298828125,323.4375,869.2747192382812,385.3125,852.3956298828125,435.9375,82.5,127.0,-33.0
2021-10-15 18:56:19.830,S2,R3,886.1538696289062,188.4375,869.2747192382812,227.8125,869.2747192382812,222.1875,894.5934143066406,278.4375,936.7912292480469,306.5625,858.02197265625,227.8125,886.1538696289062,278.4375,931.1648559570312,306.5625,880.5274658203125,323.4375,914.2857666015625,379.6875,886.1538696289062,441.5625,858.02197265625,323.4375,869.2747192382812,385.3125,846.7692260742188,441.5625,89.0,127.0,-24.0
2021-10-15 18:56:19.860,S2,R3,891.7802124023438,188.4375,869.2747192382812,227.8125,874.901123046875,227.8125,897.4066162109375,272.8125,942.4176025390625,300.9375,858.02197265625,227.8125,886.1538696289062,278.4375,936.791259765625,284.0625,880.5274658203125,323.4375,914.2857666015625,379.6875,891.7802124023438,441.5625,863.6483764648438,323.4375,869.2747192382812,385.3125,846.7692260742188,441.5625,127.0,127.0,22.0
2021-10-15 18:56:19.890,S2,R3,891.7802124023438,188.4375,880.5274658203125,227.8125,874.901123046875,227.8125,891.7802124023438,278.4375,942.4176025390625,295.3125,886.1538696289062,222.1875,919.912109375,261.5625,948.0440063476562,284.0625,880.5274658203125,323.4375,919.912109375,379.6875,897.4066162109375,447.1875,869.2747192382812,317.8125,869.2747192382812,385.3125,846.7692260742188,441.5625,107.0,127.0,24.0
2021-10-15 18:56:19.920,S2,R3,903.0330200195312,188.4375,886.1538696289062,227.8125,874.901123046875,227.8125,891.7802124023438,278.4375,942.4176025390625,295.3125,897.4066162109375,222.1875,931.1648559570312,255.9375,964.923095703125,272.8125,874.901123046875,323.4375,919.912109375,379.6875,908.6593627929688,452.8125,874.901123046875,317.8125,869.2747192382812,385.3125,841.1428833007812,441.5625,9.0,127.0,-43.0
2021-10-15 18:56:19.950,S2,R3,903.0330200195312,188.4375,886.1538696289062,227.8125,874.901123046875,227.8125,897.4066162109375,284.0625,942.4176025390625,295.3125,903.0330200195312,227.8125,931.1648559570312,250.3125,976.1758422851562,267.1875,880.5274658203125,323.4375,925.5385131835938,379.6875,914.2857666015625,458.4375,880.5274658203125,323.4375,869.2747192382812,385.3125,841.1428833007812,441.5625,-58.0,127.0,-92.0
2021-10-15 18:56:19.980,S2,R3,908.6593627929688,188.4375,897.4066162109375,227.8125,880.5274658203125,227.8125,897.4066162109375,284.0625,942.4176025390625,295.3125,908.6593627929688,227.8125,942.4176025390625,250.3125,987.4285888671875,261.5625,880.5274658203125,323.4375,925.5385131835938,379.6875,925.5385131835938,464.0625,886.1538696289062,323.4375,869.2747192382812,379.6875,846.7692260742188,435.9375,-128.0,89.0,-128.0
2021-10-15 18:56:20.010,S2,R3,908.6593627929688,194.0625,903.0330200195312,227.8125,880.5274658203125,233.4375,891.7802124023438,284.0625,942.4176025390625,300.9375,914.2857666015625,227.8125,948.0440063476562,250.3125,993.0549926757812,267.1875,880.5274658203125,323.4375,925.5385131835938,379.6875,925.5385131835938,464.0625,897.4066162109375,323.4375,874.901123046875,385.3125,846.7692260742188,435.9375,-128.0,86.0,-128.0
2021-10-15 18:56:20.040,S2,R3,914.2857666015625,194.0625,903.0330200195312,227.8125,886.1538696289062,233.4375,891.7802124023438,289.6875,936.791259765625,306.5625,919.912109375,227.8125,948.0440063476562,255.9375,998.6813354492188,261.5625,886.1538696289062,329.0625,925.5385131835938,385.3125,925.5385131835938,464.0625,897.4066162109375,323.4375,874.901123046875,390.9375,841.1428833007812,435.9375,-128.0,65.0,-128.0
2021-10-15 18:56:20.070,S2,R3,919.912109375,194.0625,903.0330200195312,233.4375,886.1538696289062,239.0625,891.7802124023438,295.3125,936.791259765625,312.1875,925.5385131835938,227.8125,948.0440063476562,261.5625,1004.3077392578125,261.5625,891.7802124023438,334.6875,925.5385131835938,396.5625,925.5385131835938,469.6875,897.4066162109375,334.6875,886.1538696289062,390.9375,846.7692260742188,435.9375,-128.0,82.0,-104.0
2021-10-15 18:56:20.100,S2,R3,919.912109375,194.0625,908.6593627929688,233.4375,891.7802124023438,244.6875,891.7802124023438,295.3125,931.1648559570312,317.8125,931.1648559570312,227.8125,959.2967529296875,267.1875,1004.3077392578125,272.8125,891.7802124023438,329.0625,931.1648559570312,396.5625,925.5385131835938,469.6875,903.0330200195312,334.6875,891.7802124023438,390.9375,846.7692260742188,435.9375,-59.0,127.0,-90.0
2021-10-15 18:56:20.130,S2,R3,919.912109375,194.0625,919.912109375,233.4375,891.7802124023438,239.0625,886.1538696289062,295.3125,925.5385131835938,323.4375,936.791259765625,227.8125,964.923095703125,267.1875,1004.3077392578125,278.4375,891.7802124023438,329.0625,925.5385131835938,396.5625,925.5385131835938,469.6875,919.912109375,329.0625,897.4066162109375,396.5625,852.3956298828125,435.9375,22.0,127.0,-78.0
2021-10-15 18:56:20.160,S2,R3,925.5385131835938,194.0625,919.912109375,233.4375,891.7802124023438,239.0625,886.1538696289062,295.3125,925.5385131835938,329.0625,948.0440063476562,227.8125,964.923095703125,267.1875,1004.3077392578125,289.6875,897.4066162109375,329.0625,931.1648559570312,390.9375,925.5385131835938,469.6875,931.1648559570312,329.0625,908.6593627929688,396.5625,863.6483764648438,435.9375,97.0,127.0,-43.0
2021-10-15 18:56:20.190,S2,R3,931.1648559570312,199.6875,925.5385131835938,233.4375,897.4066162109375,233.4375,886.1538696289062,295.3125,908.6593627929688,340.3125,948.0440063476562,227.8125,970.5494995117188,267.1875,1009.93408203125,300.9375,908.6593627929688,334.6875,931.1648559570312,396.5625,925.5385131835938,469.6875,936.791259765625,334.6875,914.2857666015625,396.5625,869.2747192382812,430.3125,127.0,127.0,-38.0
2021-10-15 18:56:20.220,S2,R3,931.1648559570312,194.0625,925.5385131835938,227.8125,897.4066162109375,233.4375,886.1538696289062,295.3125,897.4066162109375,340.3125,953.6703491210938,227.8125,970.5494995117188,267.1875,1004.3077392578125,300.9375,908.6593627929688,334.6875,925.5385131835938,396.5625,925.5385131835938,469.6875,942.4176025390625,334.6875,931.1648559570312,396.5625,880.5274658203125,430.3125,127.0,117.0,-22.0
2021-10-15 18:56:20.250,S2,R3,931.1648559570312,194.0625,925.5385131835938,227.8125,897.4066162109375,233.4375,880.5274658203125,289.6875,886.1538696289062,334.6875,959.2967529296875,222.1875,970.5494995117188,267.1875,998.6813354492188,306.5625,914.2857666015625,334.6875,925.5385131835938,402.1875,925.5385131835938,469.6875,948.0440063476562,334.6875,936.791259765625,396.5625,897.4066162109375,435.9375,79.0,127.0,34.0
2021-10-15 18:56:20.280,S2,R3,931.1648559570312,194.0625,931.1648559570312,222.1875,897.4066162109375,227.8125,874.901123046875,278.4375,880.5274658203125,329.0625,964.923095703125,222.1875,976.1758422851562,267.1875,998.6813354492188,312.1875,914.2857666015625,340.3125,925.5385131835938,402.1875,925.5385131835938,464.0625,953.6703491210938,334.6875,959.2967529296875,396.5625,953.6703491210938,402.1875,77.0,127.0,13.0
2021-10-15 18:56:20.310,S2,R3,931.1648559570312,194.0625,931.1648559570312,222.1875,897.4066162109375,227.8125,874.901123046875,272.8125,874.901123046875,329.0625,964.923095703125,216.5625,981.80224609375,267.1875,993.0549926757812,317.8125,914.2857666015625,334.6875,925.5385131835938,402.1875,925.5385131835938,464.0625,959.2967529296875,334.6875,970.5494995117188,402.1875,953.6703491210938,402.1875,127.0,127.0,64.0
2021-10-15 18:56:20.340,S2,R3,931.1648559570312,188.4375,936.791259765625,222.1875,903.0330200195312,222.1875,874.901123046875,272.8125,869.2747192382812,323.4375,970.5494995117188,216.5625,987.4285888671875,267.1875,993.0549926757812,317.8125,914.2857666015625,334.6875,925.5385131835938,407.8125,931.1648559570312,464.0625,959.2967529296875,334.6875,970.5494995117188,402.1875,936.791259765625,441.5625,79.0,127.0,100.0
2021-10-15 18:56:20.370,S2,R3,936.791259765625,188.4375,936.791259765625,222.1875,903.0330200195312,222.1875,874.901123046875,272.8125,863.6483764648438,323.4375,976.1758422851562,216.5625,987.4285888671875,267.1875,993.0549926757812,323.4375,919.912109375,334.6875,925.5385131835938,402.1875,931.1648559570312,464.0625,964.923095703125,334.6875,970.5494995117188,407.8125,942.4176025390625,441.5625,55.0,124.0,97.0
2021-10-15 18:56:20.400,S2,R3,936.791259765625,188.4375,942.4176025390625,222.1875,903.0330200195312,222.1875,874.901123046875,272.8125,863.6483764648438,317.8125,976.1758422851562,216.5625,987.4285888671875,267.1875,993.0549926757812,317.8125,919.912109375,334.6875,925.5385131835938,407.8125,931.1648559570312,464.0625,964.923095703125,334.6875,970.5494995117188,402.1875,953.6703491210938,458.4375,37.0,82.0,88.0
2021-10-15 18:56:20.430,S2,R3,942.4176025390625,188.4375,942.4176025390625,222.1875,903.0330200195312,222.1875,874.901123046875,272.8125,858.02197265625,312.1875,981.80224609375,216.5625,987.4285888671875,272.8125,993.0549926757812,317.8125,919.912109375,334.6875,925.5385131835938,402.1875,931.1648559570312,464.0625,964.923095703125,329.0625,976.1758422851562,402.1875,959.2967529296875,458.4375,96.0,88.0,99.0
2021-10-15 18:56:20.460,S2,R3,936.791259765625,182.8125,942.4176025390625,216.5625,903.0330200195312,222.1875,880.5274658203125,267.1875,858.02197265625,312.1875,987.4285888671875,216.5625,993.0549926757812,272.8125,998.6813354492188,317.8125,919.912109375,334.6875,925.5385131835938,402.1875,931.1648559570312,464.0625,970.5494995117188,329.0625,976.1758422851562,402.1875,970.5494995117188,469.6875,85.0,84.0,104.0
2021-10-15 18:56:20.490,S2,R3,942.4176025390625,182.8125,948.0440063476562,216.5625,903.0330200195312,216.5625,880.5274658203125,267.1875,858.02197265625,312.1875,987.4285888671875,216.5625,1004.3077392578125,267.1875,1004.3077392578125,323.4375,925.5385131835938,329.0625,925.5385131835938,402.1875,931.1648559570312,464.0625,976.1758422851562,329.0625,976.1758422851562,407.8125,976.1758422851562,480.9375,26.0,60.0,53.0
2021-10-15 18:56:20.520,S2,R3,942.4176025390625,182.8125,948.0440063476562,216.5625,908.6593627929688,222.1875,880.5274658203125,267.1875,858.02197265625,312.1875,993.0549926757812,216.5625,1009.93408203125,267.1875,1009.93408203125,317.8125,925.5385131835938,334.6875,925.5385131835938,407.8125,931.1648559570312,464.0625,976.1758422851562,334.6875,976.1758422851562,407.8125,981.80224609375,480.9375,27.0,115.0,57.0
2021-10-15 18:56:20.550,S2,R3,953.6703491210938,182.8125,953.6703491210938,222.1875,914.2857666015625,222.1875,880.5274658203125,267.1875,863.6483764648438,312.1875,993.0549926757812,216.5625,1009.93408203125,267.1875,1009.93408203125,317.8125,925.5385131835938,329.0625,925.5385131835938,402.1875,925.5385131835938,464.0625,976.1758422851562,329.0625,981.80224609375,402.1875,987.4285888671875,486.5625,-11.0,98.5,40.0
2021-10-15 18:56:20.580,S2,R3,953.6703491210938,182.8125,959.2967529296875,222.1875,919.912109375,216.5625,880.5274658203125,267.1875,863.6483764648438,312.1875,998.6813354492188,216.5625,1015.5604858398438,267.1875,1021.1868286132812,317.8125,925.5385131835938,329.0625,925.5385131835938,402.1875,925.5385131835938,464.0625,976.1758422851562,329.0625,981.80224609375,407.8125,987.4285888671875,486.5625,-49.0,82.0,23.0
2021-10-15 18:56:20.610,S2,R3,953.6703491210938,171.5625,959.2967529296875,216.5625,919.912109375,216.5625,886.1538696289062,267.1875,863.6483764648438,312.1875,998.6813354492188,216.5625,1021.1868286132812,272.8125,1026.813232421875,317.8125,925.5385131835938,329.0625,925.5385131835938,402.1875,925.5385131835938,464.0625,976.1758422851562,329.0625,981.80224609375,407.8125,987.4285888671875,486.5625,28.0,117.0,21.0
2021-10-15 18:56:20.640,S2,R3,953.6703491210938,171.5625,964.923095703125,216.5625,925.5385131835938,216.5625,886.1538696289062,267.1875,869.2747192382812,312.1875,1009.93408203125,216.5625,1032.4395751953125,267.1875,1032.4395751953125,317.8125,931.1648559570312,334.6875,925.5385131835938,402.1875,931.1648559570312,458.4375,981.80224609375,334.6875,981.80224609375,407.8125,981.80224609375,492.1875,55.0,127.0,24.0
2021-10-15 18:56:20.670,S2,R3,964.923095703125,182.8125,964.923095703125,216.5625,925.5385131835938,216.5625,891.7802124023438,267.1875,874.901123046875,317.8125,1009.93408203125,216.5625,1038.06591796875,267.1875,1043.6923828125,323.4375,936.791259765625,329.0625,931.1648559570312,402.1875,931.1648559570312,464.0625,987.4285888671875,329.0625,981.80224609375,407.8125,981.80224609375,492.1875,105.0,127.0,4.0
2021-10-15 18:56:20.700,S2,R3,964.923095703125,182.8125,970.5494995117188,216.5625,925.5385131835938,216.5625,897.4066162109375,267.1875,880.5274658203125,312.1875,1015.5604858398438,216.5625,1043.6923828125,267.1875,1049.3187255859375,323.4375,936.791259765625,329.0625,931.1648559570312,407.8125,931.1648559570312,464.0625,987.4285888671875,334.6875,981.80224609375,413.4375,981.80224609375,492.1875,80.0,127.0,-29.0
2021-10-15 18:56:20.730,S2,R3,970.5494995117188,171.5625,976.1758422851562,216.5625,931.1648559570312,216.5625,897.4066162109375,267.1875,886.1538696289062,312.1875,1015.5604858398438,216.5625,1043.6923828125,272.8125,1049.3187255859375,323.4375,942.4176025390625,329.0625,936.791259765625,402.1875,931.1648559570312,464.0625,993.0549926757812,334.6875,987.4285888671875,413.4375,987.4285888671875,492.1875,82.0,127.0,-51.0
2021-10-15 18:56:20.760,S2,R3,976.1758422851562,171.5625,987.4285888671875,210.9375,936.791259765625,210.9375,897.4066162109375,261.5625,886.1538696289062,312.1875,1026.813232421875,216.5625,1054.945068359375,267.1875,1054.945068359375,323.4375,942.4176025390625,329.0625,936.791259765625,402.1875,931.1648559570312,464.0625,998.6813354492188,334.6875,993.0549926757812,413.4375,987.4285888671875,492.1875,49.0,127.0,-76.0
2021-10-15 18:56:20.790,S2,R3,987.4285888671875,177.1875,987.4285888671875,210.9375,942.4176025390625,210.9375,897.4066162109375,261.5625,891.7802124023438,306.5625,1032.4395751953125,210.9375,1060.5714111328125,267.1875,1060.5714111328125,323.4375,942.4176025390625,329.0625,942.4176025390625,407.8125,931.1648559570312,464.0625,998.6813354492188,334.6875,993.0549926757812,413.4375,987.4285888671875,492.1875,13.0,108.0,-73.0
2021-10-15 18:56:20.820,S2,R3,987.4285888671875,182.8125,987.4285888671875,210.9375,942.4176025390625,210.9375,903.0330200195312,255.9375,903.0330200195312,306.5625,1032.4395751953125,210.9375,1066.1978759765625,267.1875,1066.1978759765625,317.8125,948.0440063476562,329.0625,942.4176025390625,407.8125,936.791259765625,469.6875,998.6813354492188,340.3125,993.0549926757812,419.0625,981.80224609375,497.8125,6.0,67.0,-50.0
2021-10-15 18:56:20.850,S2,R3,987.4285888671875,177.1875,987.4285888671875,210.9375,942.4176025390625,210.9375,897.4066162109375,250.3125,903.0330200195312,300.9375,1032.4395751953125,210.9375,1071.82421875,267.1875,1066.1978759765625,317.8125,948.0440063476562,334.6875,942.4176025390625,407.8125,936.791259765625,464.0625,1004.3077392578125,340.3125,993.0549926757812,419.0625,981.80224609375,497.8125,19.0,26.0,-35.0
2021-10-15 18:56:20.880,S2,R3,987.4285888671875,182.8125,993.0549926757812,205.3125,948.0440063476562,205.3125,903.0330200195312,244.6875,908.6593627929688,300.9375,1032.4395751953125,210.9375,1077.4505615234375,261.5625,1066.1978759765625,317.8125,948.0440063476562,334.6875,942.4176025390625,407.8125,942.4176025390625,464.0625,1004.3077392578125,340.3125,998.6813354492188,419.0625,987.4285888671875,497.8125,16.0,2.0,-14.0
2021-10-15 18:56:20.910,S2,R3,993.0549926757812,171.5625,998.6813354492188,205.3125,953.6703491210938,205.3125,903.0330200195312,244.6875,908.6593627929688,295.3125,1038.06591796875,210.9375,1083.076904296875,255.9375,1071.82421875,312.1875,953.6703491210938,334.6875,942.4176025390625,407.8125,948.0440063476562,458.4375,1009.93408203125,340.3125,998.6813354492188,419.0625,987.4285888671875,492.1875,30.0,37.0,63.0
2021-10-15 18:56:20.940,S2,R3,993.0549926757812,160.3125,998.6813354492188,199.6875,953.6703491210938,205.3125,903.0330200195312,239.0625,908.6593627929688,295.3125,1043.6923828125,205.3125,1088.703369140625,250.3125,1071.82421875,312.1875,953.6703491210938,334.6875,942.4176025390625,413.4375,948.0440063476562,464.0625,1009.93408203125,340.3125,998.6813354492188,419.0625,987.4285888671875,492.1875,15.0,8.0,33.0
2021-10-15 18:56:20.970,S2,R3,998.6813354492188,154.6875,1004.3077392578125,199.6875,959.2967529296875,199.6875,903.0330200195312,239.0625,914.2857666015625,295.3125,1049.3187255859375,205.3125,1094.3297119140625,244.6875,1071.82421875,306.5625,953.6703491210938,334.6875,942.4176025390625,407.8125,953.6703491210938,469.6875,1009.93408203125,345.9375,998.6813354492188,419.0625,987.4285888671875,497.8125,10.0,-9.0,6.0
2021-10-15 18:56:21.000,S2,R3,998.6813354492188,165.9375,1009.93408203125,199.6875,959.2967529296875,199.6875,903.0330200195312,239.0625,914.2857666015625,295.3125,1049.3187255859375,205.3125,1099.9560546875,250.3125,1071.82421875,306.5625,953.6703491210938,334.6875,942.4176025390625,413.4375,948.0440063476562,475.3125,1009.93408203125,345.9375,998.6813354492188,424.6875,987.4285888671875,497.8125,-3.0,20.0,0.0
2021-10-15 18:56:21.030,S2,R3,1004.3077392578125,149.0625,1009.93408203125,199.6875,959.2967529296875,199.6875,908.6593627929688,239.0625,914.2857666015625,289.6875,1049.3187255859375,205.3125,1099.9560546875,250.3125,1071.82421875,306.5625,953.6703491210938,334.6875,948.0440063476562,419.0625,948.0440063476562,486.5625,1015.5604858398438,345.9375,998.6813354492188,424.6875,987.4285888671875,497.8125,-28.0,20.0,-12.0
2021-10-15 18:56:21.060,S2,R3,1004.3077392578125,154.6875,1009.93408203125,199.6875,959.2967529296875,199.6875,908.6593627929688,239.0625,919.912109375,295.3125,1049.3187255859375,205.3125,1099.9560546875,250.3125,1066.1978759765625,300.9375,953.6703491210938,334.6875,942.4176025390625,419.0625,948.0440063476562,492.1875,1015.5604858398438,345.9375,998.6813354492188,424.6875,987.4285888671875,497.8125,-12.0,-11.0,-12.0
2021-10-15 18:56:21.090,S2,R3,1004.3077392578125,149.0625,1009.93408203125,199.6875,964.923095703125,199.6875,908.6593627929688,239.0625,919.912109375,295.3125,1054.945068359375,199.6875,1099.9560546875,250.3125,1066.1978759765625,300.9375,953.6703491210938,334.6875,948.0440063476562,424.6875,948.0440063476562,497.8125,1015.5604858398438,345.9375,998.6813354492188,424.6875,987.4285888671875,497.8125,25.0,-8.0,8.0
2021-10-15 18:56:21.120,S2,R3,1004.3077392578125,149.0625,1009.93408203125,199.6875,964.923095703125,199.6875,914.2857666015625,239.0625,919.912109375,295.3125,1054.945068359375,205.3125,1099.9560546875,250.3125,1066.1978759765625,300.9375,959.2967529296875,334.6875,948.0440063476562,424.6875,942.4176025390625,503.4375,1021.1868286132812,345.9375,1004.3077392578125,424.6875,993.0549926757812,497.8125,8.0,6.0,12.0
2021-10-15 18:56:21.150,S2,R3,1009.93408203125,154.6875,1009.93408203125,199.6875,964.923095703125,199.6875,914.2857666015625,244.6875,925.5385131835938,300.9375,1054.945068359375,205.3125,1094.3297119140625,244.6875,1066.1978759765625,300.9375,959.2967529296875,334.6875,953.6703491210938,424.6875,936.791259765625,509.0625,1021.1868286132812,345.9375,1004.3077392578125,424.6875,993.0549926757812,497.8125,-23.0,4.0,-5.0
2021-10-15 18:56:21.180,S2,R3,1009.93408203125,149.0625,1009.93408203125,199.6875,964.923095703125,199.6875,914.2857666015625,244.6875,925.5385131835938,300.9375,1054.945068359375,205.3125,1094.3297119140625,244.6875,1066.1978759765625,300.9375,959.2967529296875,340.3125,953.6703491210938,424.6875,936.791259765625,503.4375,1021.1868286132812,345.9375,1004.3077392578125,424.6875,993.0549926757812,497.8125,-3.0,-4.0,-7.0
2021-10-15 18:56:21.210,S2,R3,1009.93408203125,149.0625,1009.93408203125,199.6875,964.923095703125,199.6875,914.2857666015625,244.6875,925.5385131835938,300.9375,1054.945068359375,205.3125,1088.703369140625,250.3125,1066.1978759765625,300.9375,964.923095703125,340.3125,959.2967529296875,430.3125,942.4176025390625,509.0625,1021.1868286132812,345.9375,1004.3077392578125,430.3125,993.0549926757812,497.8125,11.0,-6.0,-2.0
2021-10-15 18:56:21.240,S2,R3,1004.3077392578125,149.0625,1009.93408203125,199.6875,959.2967529296875,199.6875,908.6593627929688,244.6875,919.912109375,300.9375,1054.945068359375,199.6875,1088.703369140625,250.3125,1066.1978759765625,300.9375,964.923095703125,340.3125,959.2967529296875,430.3125,948.0440063476562,514.6875,1021.1868286132812,351.5625,1004.3077392578125,430.3125,993.0549926757812,497.8125,9.0,-2.0,-6.0
2021-10-15 18:56:21.270,S2,R3,1004.3077392578125,149.0625,1009.93408203125,199.6875,959.2967529296875,199.6875,908.6593627929688,244.6875,919.912109375,300.9375,1054.945068359375,199.6875,1088.703369140625,250.3125,1066.1978759765625,300.9375,964.923095703125,345.9375,959.2967529296875,430.3125,953.6703491210938,520.3125,1021.1868286132812,351.5625,1004.3077392578125,430.3125,993.0549926757812,497.8125,2.0,-3.0,-4.0
2021-10-15 18:56:21.300,S2,R3,1004.3077392578125,149.0625,1009.93408203125,199.6875,959.2967529296875,199.6875,908.6593627929688,244.6875,919.912109375,300.9375,1054.945068359375,199.6875,1088.703369140625,250.3125,1066.1978759765625,300.9375,959.2967529296875,345.9375,959.2967529296875,435.9375,948.0440063476562,520.3125,1021.1868286132812,351.5625,1004.3077392578125,435.9375,993.0549926757812,497.8125,6.5,-0.5,-2.0
2021-10-15 18:56:21.330,S2,R3,1004.3077392578125,143.4375,1009.93408203125,199.6875,959.2967529296875,199.6875,908.6593627929688,244.6875,914.2857666015625,300.9375,1054.945068359375,199.6875,1088.703369140625,250.3125,1066.1978759765625,300.9375,959.2967529296875,345.9375,959.2967529296875,435.9375,948.0440063476562,520.3125,1021.1868286132812,351.5625,1004.3077392578125,435.9375,993.0549926757812,497.8125,11.0,2.0,0.0
2021-10-15 18:56:21.360,S2,R3,998.6813354492188,143.4375,1004.3077392578125,199.6875,953.6703491210938,199.6875,903.0330200195312,244.6875,914.2857666015625,300.9375,1054.945068359375,199.6875,1088.703369140625,250.3125,1066.1978759765625,300.9375,959.2967529296875,345.9375,953.6703491210938,435.9375,942.4176025390625,520.3125,1021.1868286132812,351.5625,1004.3077392578125,430.3125,987.4285888671875,497.8125,30.0,49.0,-13.0
2021-10-15 18:56:21.390,S2,R3,998.6813354492188,137.8125,1004.3077392578125,199.6875,948.0440063476562,199.6875,897.4066162109375,244.6875,914.2857666015625,300.9375,1054.945068359375,194.0625,1088.703369140625,250.3125,1060.5714111328125,300.9375,959.2967529296875,345.9375,953.6703491210938,435.9375,942.4176025390625,525.9375,1021.1868286132812,351.5625,1009.93408203125,430.3125,993.0549926757812,492.1875,70.0,127.0,-10.0
2021-10-15 18:56:21.420,S2,R3,998.6813354492188,132.1875,998.6813354492188,194.0625,948.0440063476562,194.0625,897.4066162109375,244.6875,908.6593627929688,300.9375,1054.945068359375,188.4375,1083.076904296875,250.3125,1060.5714111328125,295.3125,959.2967529296875,340.3125,953.6703491210938,435.9375,948.0440063476562,525.9375,1021.1868286132812,345.9375,1015.5604858398438,430.3125,993.0549926757812,492.1875,82.0,127.0,-12.0
2021-10-15 18:56:21.450,S2,R3,998.6813354492188,132.1875,993.0549926757812,194.0625,948.0440063476562,194.0625,891.7802124023438,244.6875,908.6593627929688,300.9375,1049.3187255859375,188.4375,1083.076904296875,244.6875,1060.5714111328125,295.3125,959.2967529296875,345.9375,953.6703491210938,435.9375,948.0440063476562,525.9375,1021.1868286132812,345.9375,1015.5604858398438,435.9375,993.0549926757812,492.1875,-4.0,127.0,-31.0
2021-10-15 18:56:21.480,S2,R3,998.6813354492188,126.5625,993.0549926757812,188.4375,942.4176025390625,194.0625,891.7802124023438,239.0625,908.6593627929688,300.9375,1049.3187255859375,182.8125,1077.4505615234375,244.6875,1060.5714111328125,289.6875,959.2967529296875,340.3125,953.6703491210938,435.9375,948.0440063476562,525.9375,1021.1868286132812,345.9375,1021.1868286132812,435.9375,993.0549926757812,480.9375,12.0,127.0,0.0
2021-10-15 18:56:21.510,S2,R3,993.0549926757812,126.5625,993.0549926757812,188.4375,942.4176025390625,194.0625,891.7802124023438,239.0625,908.6593627929688,300.9375,1049.3187255859375,182.8125,1077.4505615234375,244.6875,1054.945068359375,289.6875,953.6703491210938,340.3125,953.6703491210938,441.5625,948.0440063476562,525.9375,1026.813232421875,340.3125,1026.813232421875,435.9375,1004.3077392578125,486.5625,32.0,127.0,28.0
2021-10-15 18:56:21.540,S2,R3,987.4285888671875,126.5625,993.0549926757812,182.8125,942.4176025390625,188.4375,891.7802124023438,239.0625,908.6593627929688,300.9375,1049.3187255859375,182.8125,1077.4505615234375,239.0625,1054.945068359375,289.6875,953.6703491210938,345.9375,953.6703491210938,441.5625,948.0440063476562,525.9375,1026.813232421875,345.9375,1032.4395751953125,435.9375,1004.3077392578125,486.5625,70.0,115.0,19.0
2021-10-15 18:56:21.570,S2,R3,987.4285888671875,120.9375,993.0549926757812,182.8125,936.791259765625,188.4375,891.7802124023438,239.0625,908.6593627929688,300.9375,1049.3187255859375,182.8125,1077.4505615234375,239.0625,1054.945068359375,289.6875,953.6703491210938,345.9375,953.6703491210938,441.5625,948.0440063476562,525.9375,1026.813232421875,340.3125,1032.4395751953125,435.9375,1004.3077392578125,497.8125,62.0,101.0,5.0
2021-10-15 18:56:21.600,S2,R3,987.4285888671875,120.9375,993.0549926757812,182.8125,936.791259765625,188.4375,891.7802124023438,233.4375,908.6593627929688,300.9375,1043.6923828125,177.1875,1083.076904296875,233.4375,1054.945068359375,289.6875,959.2967529296875,345.9375,953.6703491210938,447.1875,948.0440063476562,525.9375,1026.813232421875,340.3125,1032.4395751953125,435.9375,1004.3077392578125,503.4375,25.0,71.0,-12.0
2021-10-15 18:56:21.630,S2,R3,987.4285888671875,120.9375,993.0549926757812,182.8125,936.791259765625,188.4375,886.1538696289062,233.4375,908.6593627929688,300.9375,1043.6923828125,177.1875,1083.076904296875,233.4375,1049.3187255859375,284.0625,959.2967529296875,345.9375,953.6703491210938,447.1875,948.0440063476562,525.9375,1026.813232421875,345.9375,1038.06591796875,435.9375,1015.5604858398438,520.3125,13.0,52.0,-15.0
2021-10-15 18:56:21.660,S2,R3,987.4285888671875,115.3125,993.0549926757812,182.8125,936.791259765625,188.4375,891.7802124023438,233.4375,908.6593627929688,295.3125,1049.3187255859375,177.1875,1083.076904296875,233.4375,1054.945068359375,284.0625,959.2967529296875,345.9375,953.6703491210938,447.1875,948.0440063476562,525.9375,1032.4395751953125,345.9375,1032.4395751953125,441.5625,1021.1868286132812,525.9375,12.0,42.0,-15.0
2021-10-15 18:56:21.690,S2,R3,987.4285888671875,115.3125,993.0549926757812,177.1875,936.791259765625,188.4375,891.7802124023438,233.4375,908.6593627929688,295.3125,1049.3187255859375,177.1875,1083.076904296875,233.4375,1060.5714111328125,284.0625,959.2967529296875,345.9375,953.6703491210938,447.1875,948.0440063476562,525.9375,1032.4395751953125,345.9375,1038.06591796875,441.5625,1026.813232421875,537.1875,11.0,33.0,-20.0
2021-10-15 18:56:21.720,S2,R3,993.0549926757812,115.3125,993.0549926757812,177.1875,936.791259765625,182.8125,891.7802124023438,233.4375,908.6593627929688,295.3125,1054.945068359375,171.5625,1083.076904296875,233.4375,1060.5714111328125,284.0625,959.2967529296875,345.9375,953.6703491210938,447.1875,948.0440063476562,525.9375,1032.4395751953125,345.9375,1032.4395751953125,447.1875,1032.4395751953125,548.4375,11.0,34.0,-23.0
2021-10-15 18:56:21.750,S2,R3,987.4285888671875,115.3125,998.6813354492188,177.1875,936.791259765625,182.8125,891.7802124023438,233.4375,908.6593627929688,295.3125,1054.945068359375,171.5625,1094.3297119140625,227.8125,1066.1978759765625,284.0625,959.2967529296875,345.9375,953.6703491210938,452.8125,948.0440063476562,525.9375,1032.4395751953125,345.9375,1032.4395751953125,452.8125,1043.6923828125,559.6875,17.0,54.0,-38.0
2021-10-15 18:56:21.780,S2,R3,987.4285888671875,115.3125,998.6813354492188,177.1875,942.4176025390625,182.8125,891.7802124023438,233.4375,914.2857666015625,295.3125,1054.945068359375,171.5625,1099.9560546875,222.1875,1071.82421875,284.0625,953.6703491210938,345.9375,953.6703491210938,452.8125,948.0440063476562,525.9375,1026.813232421875,345.9375,1026.813232421875,452.8125,1043.6923828125,565.3125,-6.0,127.0,-59.0
2021-10-15 18:56:21.810,S2,R3,987.4285888671875,115.3125,1004.3077392578125,182.8125,942.4176025390625,182.8125,891.7802124023438,233.4375,914.2857666015625,295.3125,1054.945068359375,171.5625,1105.5823974609375,216.5625,1077.4505615234375,284.0625,953.6703491210938,345.9375,953.6703491210938,452.8125,948.0440063476562,525.9375,1026.813232421875,345.9375,1026.813232421875,452.8125,1043.6923828125,565.3125,-6.0,127.0,-62.0
2021-10-15 18:56:21.840,S2,R3,987.4285888671875,115.3125,1004.3077392578125,177.1875,948.0440063476562,182.8125,897.4066162109375,233.4375,914.2857666015625,295.3125,1060.5714111328125,171.5625,1111.2088623046875,216.5625,1083.076904296875,284.0625,953.6703491210938,345.9375,953.6703491210938,452.8125,948.0440063476562,525.9375,1026.813232421875,345.9375,1026.813232421875,452.8125,1043.6923828125,570.9375,-27.0,43.0,-49.0
2021-10-15 18:56:21.870,S2,R3,998.6813354492188,115.3125,1009.93408203125,177.1875,948.0440063476562,182.8125,897.4066162109375,227.8125,914.2857666015625,295.3125,1066.1978759765625,171.5625,1122.4615478515625,216.5625,1088.703369140625,284.0625,959.2967529296875,345.9375,953.6703491210938,452.8125,948.0440063476562,525.9375,1026.813232421875,345.9375,1026.813232421875,458.4375,1038.06591796875,570.9375,-33.0,8.0,-56.0
2021-10-15 18:56:21.900,S2,R3,998.6813354492188,115.3125,1015.5604858398438,177.1875,953.6703491210938,177.1875,897.4066162109375,227.8125,914.2857666015625,295.3125,1066.1978759765625,171.5625,1122.4615478515625,216.5625,1094.3297119140625,284.0625,959.2967529296875,345.9375,953.6703491210938,452.8125,948.0440063476562,525.9375,1032.4395751953125,345.9375,1026.813232421875,458.4375,1032.4395751953125,576.5625,-8.0,-25.0,-62.0
2021-10-15 18:56:21.930,S2,R3,998.6813354492188,120.9375,1015.5604858398438,177.1875,959.2967529296875,177.1875,903.0330200195312,227.8125,919.912109375,289.6875,1071.82421875,171.5625,1128.087890625,222.1875,1094.3297119140625,289.6875,959.2967529296875,345.9375,953.6703491210938,452.8125,948.0440063476562,525.9375,1038.06591796875,351.5625,1026.813232421875,464.0625,1026.813232421875,576.5625,39.0,-29.0,-22.0
2021-10-15 18:56:21.960,S2,R3,1004.3077392578125,115.3125,1021.1868286132812,177.1875,959.2967529296875,177.1875,908.6593627929688,227.8125,919.912109375,284.0625,1077.4505615234375,171.5625,1133.71435546875,222.1875,1099.9560546875,295.3125,964.923095703125,345.9375,953.6703491210938,452.8125,948.0440063476562,525.9375,1043.6923828125,345.9375,1026.813232421875,464.0625,1032.4395751953125,582.1875,22.0,-8.0,22.0
2021-10-15 18:56:21.990,S2,R3,1009.93408203125,109.6875,1026.813232421875,177.1875,964.923095703125,177.1875,908.6593627929688,222.1875,919.912109375,284.0625,1083.076904296875,171.5625,1139.3406982421875,222.1875,1105.5823974609375,295.3125,970.5494995117188,345.9375,953.6703491210938,452.8125,948.0440063476562,531.5625,1043.6923828125,351.5625,1032.4395751953125,464.0625,1032.4395751953125,582.1875,15.0,-20.0,47.0
2021-10-15 18:56:22.020,S2,R3,1021.1868286132812,104.0625,1032.4395751953125,171.5625,970.5494995117188,171.5625,914.2857666015625,222.1875,925.5385131835938,278.4375,1094.3297119140625,165.9375,1144.967041015625,227.8125,1111.2088623046875,300.9375,970.5494995117188,340.3125,959.2967529296875,452.8125,948.0440063476562,531.5625,1049.3187255859375,351.5625,1032.4395751953125,469.6875,1032.4395751953125,582.1875,28.0,-6.0,55.0
2021-10-15 18:56:22.050,S2,R3,1021.1868286132812,104.0625,1038.06591796875,165.9375,970.5494995117188,171.5625,914.2857666015625,216.5625,925.5385131835938,278.4375,1094.3297119140625,165.9375,1150.5933837890625,227.8125,1116.835205078125,295.3125,976.1758422851562,345.9375,959.2967529296875,452.8125,948.0440063476562,531.5625,1049.3187255859375,351.5625,1038.06591796875,464.0625,1032.4395751953125,582.1875,34.5,-5.5,59.0
2021-10-15 18:56:22.080,S2,R3,1021.1868286132812,98.4375,1038.06591796875,165.9375,976.1758422851562,165.9375,919.912109375,216.5625,925.5385131835938,278.4375,1099.9560546875,165.9375,1156.2198486328125,227.8125,1122.4615478515625,295.3125,976.1758422851562,345.9375,953.6703491210938,452.8125,948.0440063476562,525.9375,1054.945068359375,351.5625,1038.06591796875,469.6875,1026.813232421875,582.1875,41.0,-5.0,63.0
2021-10-15 18:56:22.110,S2,R3,1026.813232421875,98.4375,1043.6923828125,160.3125,981.80224609375,165.9375,919.912109375,210.9375,931.1648559570312,284.0625,1105.5823974609375,160.3125,1161.84619140625,222.1875,1128.087890625,295.3125,976.1758422851562,345.9375,959.2967529296875,452.8125,948.0440063476562,525.9375,1060.5714111328125,351.5625,1043.6923828125,469.6875,1032.4395751953125,582.1875,81.0,-26.0,100.0
2021-10-15 18:56:22.140,S2,R3,1038.06591796875,98.4375,1049.3187255859375,160.3125,981.80224609375,165.9375,925.5385131835938,210.9375,931.1648559570312,284.0625,1116.835205078125,160.3125,1167.4725341796875,222.1875,1133.71435546875,295.3125,981.80224609375,340.3125,959.2967529296875,452.8125,948.0440063476562,531.5625,1066.1978759765625,351.5625,1043.6923828125,469.6875,1032.4395751953125,582.1875,127.0,39.0,101.0
